20 
15 
21 
34 
47 
59 
78 
84 
78 
101 
93 
114 
117 
141 
177 
171 
158 
169 
205 
241 
241 
238 
278 
324 
370 
377 
422 
468 
426 
353 
357 
345 
291 
306 
404 
600 
594 
611 
694 
744 
763 
736 
730 
720 
679 
725 
874 
965 
969 
962 
901 
1004 
1091 
1113 
1053 
968 
1100 
1198 
1280 
1378 
1454 
1495 
1519 
1492 
1530 
1718 
1822 
1819 
1887 
1865 
1943 
2232 
2440 
2703 
2893 
2964 
3074 
3156 
3329 
3579 
3867 
4153 
4566 
4815 
4953 
5127 
5468 
5583 
5590 
5886 
6083 
6317 
6418 
6960 
7002 
7362 
7933 
8175 
8400 
8635 
8976 
9623 
9833 
10535 
11082 
11878 
12526 
12774 
12978 
13426 
14062 
14803 
16050 
17056 
17835 
18361 
19226 
20000 
20553 
21256 
22238 
23326 
24510 
25870 
27261 
28341 
29477 
30276 
31428 
32726 
33900 
35294 
37081 
39104 
40861 
41906 
43414 
45226 
46760 
48921 
50930 
53169 
55438 
57051 
58635 
60673 
62572 
64755 
67873 
70545 
72684 
74967 
78280 
80616 
84186 
86873 
90236 
93030 
96893 
99749 
103056 
106261 
110605 
113471 
117868 
121915 
125588 
128752 
133795 
138772 
143165 
148522 
154670 
159495 
165372 
171323 
176648 
180800 
185643 
190939 
199287 
207663 
215611 
224115 
231001 
238345 
245900 
253317 
259778 
267956 
278374 
287990 
296144 
305706 
315964 
325788 
332466 
339527 
349535 
359611 
368195 
379297 
390128 
403666 
417771 
429168 
440910 
451307 
461842 
471150 
481431 
494960 
508426 
522227 
537098 
552953 
567270 
578011 
589667 
605707 
619682 
633462 
650916 
668398 
686070 
701127 
718072 
736444 
754422 
771846 
792207 
812447 
833278 
853352 
870976 
889849 
910817 
931838 
956295 
980367 
1006046 
1029001 
1054450 
1080969 
1107893 
1128129 
1155261 
1179940 
1204018 
1227862 
1252095 
1278197 
1302530 
1329133 
1356741 
1385092 
1410435 
1438555 
1469912 
1502815 
1538055 
1568944 
1597137 
1630042 
1665166 
1697716 
1731330 
1763184 
1798443 
1833613 
1862451 
1898797 
1940963 
1976826 
2011584 
2047458 
2083854 
2122140 
2159934 
2199703 
2240820 
2209580 
2170629 
2131568 
2096516 
2063584 
2029193 
1990197 
1955560 
1921635 
1883863 
1847991 
1809444 
1778364 
1744808 
1714650 
1686636 
1659184 
1622884 
1591164 
1557732 
1521532 
1493658 
1461232 
1433863 
1406863 
1380231 
1354116 
1323838 
1293887 
1266243 
1241224 
1217780 
1192961 
1167631 
1141419 
1115173 
1087083 
1065399 
1042287 
1020951 
999733 
976827 
950636 
927831 
905117 
883252 
864721 
843094 
821186 
801517 
782837 
762515 
742287 
725542 
704557 
685941 
670110 
654385 
637671 
621514 
604873 
591852 
579153 
566304 
551895 
537220 
524864 
510845 
498390 
485909 
469802 
459347 
447953 
437635 
426440 
414430 
403007 
391591 
380327 
368210 
356477 
345052 
334217 
325592 
316411 
307054 
299992 
293269 
287312 
279399 
271415 
262931 
255986 
249702 
242164 
235258 
225631 
218369 
211808 
205010 
197433 
189442 
184051 
178424 
172265 
164902 
159683 
154027 
148730 
142871 
139136 
135076 
130576 
127082 
121221 
116582 
112244 
107882 
103274 
100019 
96321 
92909 
89877 
85781 
82187 
79942 
77530 
75653 
73299 
71809 
70031 
67609 
64360 
61727 
59918 
57865 
55331 
52266 
49388 
47008 
45429 
42841 
40765 
39719 
38273 
36937 
35610 
34399 
33430 
31887 
31048 
30136 
28990 
28600 
27543 
26585 
25597 
24647 
23491 
22467 
21540 
19764 
18488 
17398 
16617 
16134 
15706 
15508 
15032 
14477 
13982 
13363 
12316 
11873 
11321 
10508 
10406 
10116 
9297 
8795 
8687 
8285 
7879 
7721 
7445 
7207 
7112 
6868 
6532 
6320 
6209 
5881 
5843 
5553 
5148 
4659 
4306 
4129 
3911 
3715 
3358 
3080 
3002 
3024 
2999 
2905 
2874 
2813 
2853 
2882 
2704 
2372 
2175 
2083 
2038 
1976 
1839 
1851 
1744 
1675 
1531 
1434 
1239 
1087 
1055 
968 
923 
861 
907 
943 
893 
889 
838 
785 
798 
763 
718 
714 
761 
775 
731 
735 
722 
691 
646 
687 
732 
698 
636 
553 
490 
431 
434 
489 
558 
502 
411 
309 
248 
237 
215 
222 
232 
200 
195 
153 
83 
69 
65 
83 
114 
114 
125 
118 
114 
98 
69 
69 
67 
48 
33 
37 
32 
24 
18 
37 
55 
53 
63 
62 
67 
50 
39 
39 
51 
72 
92 
64 
57 
66 
73 
88 
76 
76 
56 
34 
10 
15 
15 
6 
0 
1 
1.4176 
1.73145 
2.0057 
2.2493 
2.46826 
2.65981 
2.84335 
2.99869 
3.14712 
3.31137 
3.46168 
3.6106 
3.74275 
3.86527 
3.98955 
4.11083 
4.23712 
4.3519 
4.45973 
4.56761 
4.67032 
4.77104 
4.86958 
4.97793 
5.07924 
5.16748 
5.27541 
5.36089 
5.45333 
5.54096 
5.62239 
5.7124 
5.79209 
5.88495 
5.97354 
6.05106 
6.1419 
6.22393 
6.29952 
6.37998 
6.45756 
6.53234 
6.61485 
6.6785 
6.74702 
6.83039 
6.89423 
6.97075 
7.03351 
7.09937 
7.16197 
7.23359 
7.29688 
7.36059 
7.43375 
7.5035 
7.56147 
7.62592 
7.69368 
7.76596 
7.83379 
7.88706 
7.94602 
8.00535 
8.07565 
8.13646 
8.19805 
8.25638 
8.33679 
8.40184 
8.46173 
8.51255 
8.58515 
8.64967 
8.70453 
8.7575 
8.81001 
8.86307 
8.9226 
8.96578 
9.03357 
9.087 
9.13417 
9.18947 
9.23404 
9.28495 
9.3398 
9.39008 
9.45419 
9.51865 
9.56664 
9.62206 
9.67346 
9.71504 
9.75914 
9.79072 
9.82065 
9.87746 
9.94015 
10.0076 
10.0557 
10.1062 
10.1527 
10.2089 
10.266 
10.3188 
10.3708 
10.4037 
10.4588 
10.501 
10.5516 
10.6008 
10.6493 
10.6945 
10.744 
10.7944 
10.8509 
10.8963 
10.9414 
10.993 
11.0353 
11.0843 
11.1332 
11.18 
11.2301 
11.281 
11.3235 
11.3632 
11.4175 
11.4599 
11.5035 
11.5473 
11.5936 
11.6322 
11.6697 
11.7038 
11.7512 
11.7955 
11.8342 
11.8774 
11.9169 
11.9511 
11.9968 
12.0441 
12.0947 
12.146 
12.1845 
12.2263 
12.2718 
12.3086 
12.3531 
12.4 
12.4309 
12.4783 
12.5295 
12.5668 
12.6041 
12.653 
12.6996 
12.7381 
12.7743 
12.8021 
12.8409 
12.8879 
12.9132 
12.9484 
12.9861 
13.018 
13.0569 
13.097 
13.1292 
13.1579 
13.1911 
13.2307 
13.2694 
13.3029 
13.3378 
13.3822 
13.4276 
13.4756 
13.5079 
13.5522 
13.5849 
13.6152 
13.6464 
13.6816 
13.7094 
13.7528 
13.7988 
13.8217 
13.8685 
13.8957 
13.9307 
13.9594 
13.9929 
14.0391 
14.0718 
14.1131 
14.153 
14.1821 
14.2082 
14.2341 
14.2739 
14.302 
14.3445 
14.3812 
14.4128 
14.4564 
14.4925 
14.5363 
14.571 
14.6041 
14.6394 
14.674 
14.7049 
14.743 
14.7648 
14.787 
14.8182 
14.8555 
14.8913 
14.932 
14.9571 
14.9925 
15.0354 
15.0858 
15.1348 
15.1672 
15.2108 
15.2451 
15.2803 
15.3097 
15.3528 
15.3876 
15.4181 
15.4494 
15.4771 
15.5257 
15.5598 
15.5942 
15.6176 
15.6468 
15.6804 
15.7155 
15.7528 
15.7831 
15.821 
15.8436 
15.8629 
15.8969 
15.9269 
15.9573 
15.9815 
16.0148 
16.0452 
16.0794 
16.1095 
16.148 
16.1906 
16.2284 
16.2721 
16.309 
16.3464 
16.3673 
16.4161 
16.4464 
16.4762 
16.5204 
16.5582 
16.5789 
16.6076 
16.6569 
16.678 
16.712 
16.7515 
16.7898 
16.8363 
16.8791 
16.9178 
16.9552 
16.9808 
17.0178 
17.0492 
17.0748 
17.1076 
17.1289 
17.1574 
17.1782 
17.202 
17.2241 
17.2504 
17.289 
17.3036 
17.3295 
17.349 
17.3772 
17.4024 
17.4283 
17.4432 
17.4645 
17.4839 
17.5204 
17.5407 
17.5716 
17.619 
17.6484 
17.6838 
17.6971 
17.7225 
17.7444 
17.7722 
17.7972 
17.8289 
17.8473 
17.8842 
17.9119 
17.9436 
17.9815 
18.0051 
18.029 
18.0504 
18.0849 
18.1127 
18.1484 
18.1965 
18.2299 
18.2594 
18.2794 
18.2955 
18.326 
18.3465 
18.3803 
18.4122 
18.4366 
18.454 
18.4956 
18.5207 
18.5412 
18.5728 
18.6061 
18.6381 
18.6759 
18.6919 
18.7204 
18.7412 
18.763 
18.7789 
18.8051 
18.8299 
18.8666 
18.8934 
18.9315 
18.9652 
18.99 
19.0118 
19.0394 
19.0608 
19.088 
19.1 
19.1256 
19.1558 
19.1885 
19.2203 
19.2506 
19.2696 
19.2964 
19.3182 
19.3508 
19.3812 
19.4048 
19.4337 
19.454 
19.4847 
19.5212 
19.5491 
19.5655 
19.5934 
19.6257 
19.6378 
19.6743 
19.6898 
19.7153 
19.7515 
19.7838 
19.8172 
19.8512 
19.8699 
19.8905 
19.9224 
19.9402 
19.9695 
19.986 
20.0037 
20.0325 
20.0608 
20.0789 
20.1035 
20.1222 
20.1473 
20.1729 
20.2102 
20.2329 
20.2617 
20.2897 
20.3216 
20.3456 
20.3704 
20.3923 
20.4144 
20.443 
20.4796 
20.5098 
20.5325 
20.5506 
20.5823 
20.6085 
20.6289 
20.6468 
20.6668 
20.6911 
20.7265 
20.7572 
20.7886 
20.8087 
20.8328 
20.8537 
20.8814 
20.8983 
20.9324 
20.9563 
20.9975 
21.0125 
21.043 
21.0619 
21.0855 
21.1227 
21.1588 
21.1875 
21.2074 
21.234 
21.2567 
21.2889 
21.316 
21.3352 
21.3613 
21.3919 
21.401 
21.4108 
21.4307 
21.4428 
21.4582 
21.4792 
21.5119 
21.532 
21.5575 
21.5716 
21.6017 
21.619 
21.6418 
21.6556 
21.6836 
21.705 
21.7258 
21.7448 
21.7763 
21.7939 
21.814 
21.8315 
21.8623 
21.8754 
21.8911 
21.9274 
21.9477 
21.9659 
21.9981 
22.0363 
22.0585 
22.0822 
22.1123 
22.1436 
22.1576 
22.1868 
22.205 
22.2244 
22.2385 
22.2607 
22.2815 
22.3207 
22.3451 
22.3716 
22.3865 
22.4104 
22.4387 
22.4655 
22.492 
22.5115 
22.5319 
22.5643 
22.5894 
22.5973 
22.617 
22.6482 
22.6621 
22.6914 
22.7138 
22.7306 
22.747 
22.7592 
22.7774 
22.8097 
22.8389 
22.8623 
22.8769 
22.9025 
22.9262 
22.9468 
22.9633 
22.992 
23.0224 
23.0366 
23.0503 
23.0729 
23.0927 
23.1138 
23.133 
23.1536 
23.1748 
23.2039 
23.2308 
23.2446 
23.2795 
23.3067 
23.3301 
23.3536 
23.3728 
23.3898 
23.4058 
23.4218 
23.4322 
23.4596 
23.4785 
23.49 
23.5181 
23.5417 
23.5686 
23.5946 
23.6128 
23.6282 
23.6561 
23.6696 
23.7 
23.7186 
23.7361 
23.7396 
23.7612 
23.7843 
23.8065 
23.8443 
23.8655 
23.8782 
23.9062 
23.9396 
23.953 
23.9773 
23.999 
24.0266 
24.038 
24.0603 
24.0862 
24.1144 
24.1351 
24.1452 
24.1592 
24.1824 
24.2106 
24.2364 
24.2544 
24.269 
24.2821 
24.3093 
24.3404 
24.353 
24.3707 
24.3748 
24.3869 
24.4073 
24.4295 
24.4483 
24.4654 
24.4815 
24.4952 
24.5034 
24.5157 
24.5233 
24.5472 
24.5783 
24.5934 
24.616 
24.6281 
24.6483 
24.6566 
24.6722 
24.6947 
24.7216 
24.736 
24.7556 
24.7804 
24.7897 
24.808 
24.8313 
24.8547 
24.8827 
24.8967 
24.908 
24.9329 
24.955 
24.9699 
24.9948 
25.0072 
25.0226 
25.0463 
25.061 
25.0836 
25.1144 
25.1355 
25.1581 
25.169 
25.1955 
25.2218 
25.2483 
25.2623 
25.2802 
25.2936 
25.3177 
25.3308 
25.3473 
25.3728 
25.3851 
25.3917 
25.4158 
25.4419 
25.4648 
25.4844 
25.5044 
25.5332 
25.5616 
25.5895 
25.598 
25.61 
25.6283 
25.6523 
25.683 
25.6992 
25.7215 
25.7434 
25.7559 
25.7744 
25.7853 
25.8056 
25.8257 
25.8407 
25.8636 
25.8837 
25.9037 
25.9266 
25.9479 
25.9663 
25.9851 
26.015 
26.0323 
26.0494 
26.0734 
26.0917 
26.1114 
26.1339 
26.1502 
26.1536 
26.1799 
26.1879 
26.1903 
26.2179 
26.239 
26.2508 
26.291 
26.3122 
26.3393 
26.3599 
26.3733 
26.392 
26.4192 
26.4472 
26.4664 
26.4845 
26.5128 
26.5319 
26.5632 
26.5811 
26.6014 
26.6145 
26.6374 
26.651 
26.6632 
26.6928 
26.7118 
26.7262 
26.7542 
26.7734 
26.7751 
26.7855 
26.7978 
26.8177 
26.8353 
26.8604 
26.874 
26.8932 
26.9146 
26.9349 
26.9364 
26.9672 
26.9785 
26.9999 
27.0284 
27.0639 
27.0877 
27.106 
27.1231 
27.1484 
27.1753 
27.1953 
27.2201 
27.2314 
27.2507 
27.2667 
27.2797 
27.3146 
27.3332 
27.3508 
27.3519 
27.3669 
27.3764 
27.3975 
27.4161 
27.4316 
27.4412 
27.4541 
27.4609 
27.476 
27.4901 
27.5186 
27.5344 
27.5548 
27.5647 
27.5866 
27.6044 
27.6317 
27.6483 
27.66 
27.6931 
27.7197 
27.7344 
27.7416 
27.7626 
27.7686 
27.7894 
27.8083 
27.8218 
27.8318 
27.8504 
27.8789 
27.9023 
27.9217 
27.9477 
27.9616 
27.9789 
27.9868 
28.0024 
28.0116 
28.0254 
28.0432 
28.0692 
28.0887 
28.1051 
28.125 
28.1554 
28.1661 
28.1811 
28.2076 
28.2194 
28.243 
28.2543 
28.267 
28.2981 
28.3332 
28.3584 
28.3678 
28.3909 
28.4015 
28.4103 
28.4269 
28.4529 
28.4699 
28.4916 
28.5094 
28.5378 
28.5665 
28.5768 
28.5956 
28.6203 
28.6313 
28.6396 
28.676 
28.6968 
28.7409 
28.7528 
28.7717 
28.7956 
28.8196 
28.8383 
28.8725 
28.8902 
28.9032 
28.929 
28.9642 
28.9735 
28.9969 
29.0064 
29.0273 
29.0426 
29.0676 
29.0782 
29.0949 
29.1113 
29.1184 
29.1384 
29.1532 
29.1704 
29.183 
29.192 
29.2166 
29.234 
29.2457 
29.2657 
29.2859 
29.2995 
29.3215 
29.3407 
29.3514 
29.3703 
29.3843 
29.3973 
29.3938 
29.407 
29.4288 
29.4438 
29.4552 
29.4683 
29.4882 
29.5045 
29.5142 
29.5279 
29.5457 
29.5715 
29.5792 
29.5879 
29.6096 
29.6368 
29.659 
29.6768 
29.6938 
29.7052 
29.7189 
29.7326 
29.7445 
29.7638 
29.7838 
29.7924 
29.8087 
29.835 
29.8444 
29.8762 
29.8852 
29.9081 
29.9341 
29.9386 
29.9478 
29.9668 
29.9785 
30.0009 
30.0259 
30.0412 
30.0631 
30.0804 
30.101 
30.1164 
30.1323 
30.1553 
30.1636 
30.1799 
30.1901 
30.2148 
30.2358 
30.2531 
30.2605 
30.2763 
30.292 
30.3263 
30.3386 
30.3501 
30.371 
30.3846 
30.388 
30.4003 
30.4192 
30.4374 
30.4546 
30.4734 
30.4879 
30.5168 
30.5384 
30.5675 
30.5912 
30.609 
30.6164 
30.6328 
30.6576 
30.6667 
30.6853 
30.7087 
30.7204 
30.7338 
30.7552 
30.7703 
30.7778 
30.7849 
30.8018 
30.8125 
30.8299 
30.8507 
30.8521 
30.87 
30.8826 
30.9003 
30.9129 
30.9323 
30.9479 
30.9598 
30.9738 
30.9988 
31.0142 
31.0206 
31.036 
31.0521 
31.0699 
31.0847 
31.0977 
31.1237 
31.1422 
31.153 
31.17 
31.1829 
31.1846 
31.219 
31.2233 
31.2383 
31.2547 
31.2718 
31.2943 
31.3067 
31.3134 
31.3296 
31.3544 
31.3855 
31.4021 
31.423 
31.4446 
31.4542 
31.465 
31.4779 
31.49 
31.5146 
31.537 
31.56 
31.5591 
31.5781 
31.6008 
31.6268 
31.6391 
31.6538 
31.6943 
31.714 
31.7253 
31.7305 
31.7519 
31.7704 
31.7797 
31.7827 
31.7908 
31.8146 
31.8297 
31.8393 
31.8521 
31.869 
31.8753 
31.9034 
31.9084 
31.9298 
31.9415 
31.9613 
31.9789 
31.99 
32.009 
32.0285 
32.0491 
32.0612 
32.0744 
32.0921 
32.1042 
32.1298 
32.1298 
32.1542 
32.1613 
32.1832 
32.2004 
32.2153 
32.2358 
32.2466 
32.2391 
32.2493 
32.273 
32.2861 
32.3057 
32.3227 
32.3379 
32.3465 
32.3561 
32.3704 
32.3771 
32.3999 
32.4236 
32.4509 
32.4685 
32.4851 
32.4986 
32.5213 
32.5381 
32.5495 
32.5535 
32.5666 
32.578 
32.5957 
32.6131 
32.6262 
32.6314 
32.6452 
32.6568 
32.6845 
32.7082 
32.7136 
32.7381 
32.7559 
32.7813 
32.789 
32.7968 
32.8091 
32.8249 
32.8387 
32.849 
32.8663 
32.8956 
32.911 
32.9214 
32.9246 
32.9459 
32.9759 
32.9862 
33.0038 
33.0203 
33.0312 
33.0477 
33.0569 
33.0782 
33.0877 
33.1003 
33.126 
33.1306 
33.1478 
33.1583 
33.1728 
33.2063 
33.2279 
33.2491 
33.2686 
33.2693 
33.2871 
33.3041 
33.3116 
33.316 
33.3294 
33.3405 
33.3482 
33.3674 
33.3853 
33.3993 
33.4099 
33.4203 
33.4282 
33.4427 
33.4528 
33.4582 
33.4642 
33.4779 
33.4811 
33.4941 
33.5145 
33.5166 
33.5248 
33.536 
33.551 
33.5647 
33.5751 
33.582 
33.5951 
33.6105 
33.6192 
33.6434 
33.6681 
33.6795 
33.6913 
33.6956 
33.7029 
33.7142 
33.7195 
33.7369 
33.7451 
33.7655 
33.7719 
33.7917 
33.8139 
33.8382 
33.8313 
33.8503 
33.861 
33.8747 
33.8948 
33.8962 
33.9099 
33.9183 
33.9347 
33.9604 
33.9625 
33.9834 
34.0054 
34.0315 
34.0466 
34.063 
34.076 
34.0756 
34.1034 
34.1192 
34.1342 
34.1479 
34.1562 
34.1612 
34.1783 
34.1967 
34.2153 
34.2299 
34.2398 
34.2428 
34.2646 
34.284 
34.2968 
34.317 
34.3267 
34.3466 
34.3709 
34.3832 
34.4004 
34.422 
34.4363 
34.4405 
34.4582 
34.4703 
34.4856 
34.4949 
34.5055 
34.5191 
34.5378 
34.5652 
34.5883 
34.6046 
34.6273 
34.6456 
34.6592 
34.6708 
34.679 
34.6919 
34.7128 
34.7127 
34.7279 
34.7521 
34.7581 
34.7705 
34.7802 
34.7963 
34.8192 
34.835 
34.8418 
34.8485 
34.8571 
34.8641 
34.8686 
34.8982 
34.9083 
34.9199 
34.9311 
34.9429 
34.9567 
34.9704 
34.9953 
35.0039 
35.0233 
35.034 
35.0357 
35.0593 
35.0724 
35.0851 
35.1036 
35.1081 
35.1169 
35.1277 
35.1353 
35.1463 
35.1599 
35.1649 
35.1714 
35.1887 
35.2057 
35.2185 
35.2283 
35.2522 
35.2642 
35.2746 
35.2913 
35.305 
35.3206 
35.3314 
35.3492 
35.3659 
35.3775 
35.3848 
35.3952 
35.3932 
35.4006 
35.4082 
35.4346 
35.4502 
35.4748 
35.4937 
35.5088 
35.5178 
35.5237 
35.5451 
35.5504 
35.5559 
35.5735 
35.5779 
35.6059 
35.6275 
35.6467 
35.6623 
35.6709 
35.6778 
35.692 
35.7098 
35.7382 
35.7543 
35.7751 
35.7956 
35.8058 
35.836 
35.8587 
35.862 
35.8747 
35.8728 
35.8865 
35.9005 
35.9228 
35.9397 
35.9501 
35.9524 
35.9645 
35.9737 
35.9906 
36.0018 
36.0174 
36.0484 
36.073 
36.0793 
36.0881 
36.1086 
36.1179 
36.1129 
36.1188 
36.1309 
36.1464 
36.1651 
36.1878 
36.2015 
36.2137 
36.218 
36.219 
36.2331 
36.2417 
36.2469 
36.2532 
36.2508 
36.2605 
36.2728 
36.2871 
36.292 
36.3089 
36.321 
36.3433 
36.355 
36.3754 
36.3972 
36.4003 
36.4075 
36.4286 
36.4399 
36.4566 
36.4654 
36.4796 
36.4807 
36.489 
36.4944 
36.4963 
36.5075 
36.5246 
36.552 
36.5481 
36.5617 
36.5757 
36.598 
36.6122 
36.6201 
36.623 
36.6379 
36.6586 
36.6841 
36.7036 
36.7095 
36.7324 
36.7474 
36.7634 
36.778 
36.7871 
36.7976 
36.8131 
36.8295 
36.8443 
36.8427 
36.8498 
36.875 
36.8862 
36.8957 
36.9158 
36.9289 
36.9281 
36.9493 
36.9728 
36.9796 
36.9963 
37.0175 
37.0424 
37.0466 
37.0618 
37.0777 
37.0926 
37.1111 
37.1205 
37.1301 
37.1349 
37.1373 
37.1492 
37.1557 
37.177 
37.1931 
37.2059 
37.2184 
37.2379 
37.2555 
37.2505 
37.2542 
37.2636 
37.2812 
37.2989 
37.3225 
37.3349 
37.3561 
37.3577 
37.3746 
37.3836 
37.4044 
37.4191 
37.4339 
37.4373 
37.4548 
37.4611 
37.4764 
37.4917 
37.5124 
37.5151 
37.5318 
37.5394 
37.5554 
37.5723 
37.5728 
37.5779 
37.5855 
37.6099 
37.6173 
37.6368 
37.645 
37.6571 
37.6842 
37.6978 
37.7094 
37.7247 
37.7409 
37.7381 
37.741 
37.7487 
37.7526 
37.7519 
37.7683 
37.7875 
37.8028 
37.8203 
37.8265 
37.8388 
37.867 
37.8806 
37.9016 
37.9105 
37.9402 
37.9455 
37.9535 
37.9575 
37.9682 
37.989 
37.9995 
38.0261 
38.0432 
38.0551 
38.0772 
38.0842 
38.0867 
38.1012 
38.1279 
38.1372 
38.1476 
38.1642 
38.1744 
38.1824 
38.1901 
38.2182 
38.2273 
38.2405 
38.2524 
38.2746 
38.2869 
38.2972 
38.2969 
38.3124 
38.3322 
38.3439 
38.3605 
38.3721 
38.3789 
38.3923 
38.3999 
38.4238 
38.4416 
38.4492 
38.4574 
38.4791 
38.5014 
38.5234 
38.5438 
38.5694 
38.5879 
38.5926 
38.606 
38.6202 
38.6348 
38.6513 
38.6546 
38.6686 
38.6848 
38.7125 
38.7279 
38.7397 
38.7755 
38.7802 
38.7932 
38.8085 
38.8341 
38.8632 
38.8817 
38.8974 
38.8968 
38.9099 
38.9257 
38.9509 
38.9567 
38.9657 
38.9707 
38.9757 
39.0014 
39.0068 
39.0191 
39.0336 
39.0324 
39.0432 
39.0635 
39.0719 
39.0827 
39.0893 
39.0927 
39.1121 
39.118 
39.1269 
39.1264 
39.1386 
39.1556 
39.1636 
39.186 
39.1933 
39.2179 
39.2365 
39.2566 
39.2695 
39.2715 
39.2803 
39.2975 
39.3142 
39.3438 
39.3623 
39.3877 
39.3846 
39.3951 
39.4173 
39.4215 
39.4406 
39.452 
39.4623 
39.4677 
39.4768 
39.4748 
39.491 
39.4914 
39.5014 
39.5142 
39.516 
39.5282 
39.542 
39.5475 
39.5659 
39.5796 
39.5965 
39.6109 
39.6242 
39.6376 
39.6503 
39.6551 
39.6609 
39.6722 
39.6777 
39.6948 
39.7112 
39.7346 
39.7448 
39.749 
39.7604 
39.7757 
39.7902 
39.7918 
39.8061 
39.8202 
39.826 
39.8431 
39.8475 
39.8742 
39.8816 
39.9005 
39.9062 
39.9125 
39.9307 
39.9434 
39.9519 
39.9691 
39.9899 
40.0068 
40.0287 
40.0493 
40.0593 
40.0658 
40.0825 
40.0871 
40.1151 
40.1249 
40.1416 
40.1581 
40.1679 
40.1754 
40.1821 
40.1986 
40.2094 
40.2133 
40.2321 
40.2509 
40.2754 
40.2845 
40.3032 
40.3131 
40.3265 
40.3459 
40.3528 
40.3723 
40.3725 
40.3903 
40.4079 
40.4229 
40.4323 
40.4575 
40.4682 
40.4818 
40.4966 
40.5033 
40.5156 
40.5217 
40.5332 
40.5468 
40.5639 
40.5763 
40.592 
40.6065 
40.6137 
40.635 
40.6541 
40.6614 
40.6785 
40.6841 
40.699 
40.7082 
40.7177 
40.7493 
40.764 
40.7775 
40.7861 
40.8034 
40.8193 
40.8389 
40.8473 
40.8652 
40.8656 
40.8791 
40.8884 
40.8969 
40.9093 
40.9274 
40.9395 
40.9663 
40.9853 
41.0004 
41.0056 
41.0142 
41.0309 
41.0425 
41.047 
41.0644 
41.079 
41.0968 
41.1258 
41.136 
41.1369 
41.1502 
41.1593 
41.1814 
41.1898 
41.1978 
41.2073 
41.2132 
41.2171 
41.2211 
41.2263 
41.2496 
41.2576 
41.2808 
41.2739 
41.2921 
41.3058 
41.3222 
41.3432 
41.3574 
41.3596 
41.3752 
41.4008 
41.4125 
41.4237 
41.4344 
41.4517 
41.4602 
41.4696 
41.495 
41.5091 
41.5276 
41.5374 
41.5596 
41.5713 
41.5798 
41.6008 
41.6154 
41.6296 
41.6489 
41.6713 
41.6768 
41.6892 
41.6969 
41.7189 
41.7264 
41.7275 
41.7463 
41.7467 
41.7596 
41.7566 
41.771 
41.7779 
41.797 
41.818 
41.8183 
41.8151 
41.8212 
41.8414 
41.8479 
41.861 
41.8739 
41.8863 
41.9064 
41.9155 
41.9146 
41.9142 
41.9208 
41.9287 
41.9478 
41.9615 
41.9758 
41.9914 
42.0025 
42.0213 
42.0321 
42.0553 
42.068 
42.0795 
42.0994 
42.1106 
42.1295 
42.1524 
42.1678 
42.1841 
42.197 
42.2028 
42.2133 
42.226 
42.246 
42.2537 
42.2746 
42.2906 
42.3127 
42.3142 
42.3212 
42.3207 
42.3245 
42.3417 
42.3571 
42.3673 
42.3825 
42.3934 
42.3998 
42.4112 
42.4314 
42.4369 
42.4489 
42.4573 
42.4674 
42.4879 
42.5007 
42.5096 
42.5285 
42.5468 
42.5479 
42.5613 
42.5758 
42.5889 
42.5972 
42.6125 
42.6128 
42.6102 
42.6224 
42.6353 
42.6519 
42.6744 
42.6822 
42.6874 
42.707 
42.7221 
42.7397 
42.7617 
42.7672 
42.7828 
42.8036 
42.8206 
42.8254 
42.8401 
42.8451 
42.8524 
42.8641 
42.8806 
42.8998 
42.9002 
42.9004 
42.901 
42.915 
42.9262 
42.937 
42.9582 
42.9618 
42.9825 
42.9908 
42.9931 
43.0063 
43.0289 
43.0394 
43.0435 
43.0395 
43.0358 
43.0534 
43.0635 
43.0794 
43.0889 
43.0977 
43.1268 
43.1364 
43.1405 
43.1532 
43.1716 
43.1815 
43.2009 
43.2046 
43.2087 
43.211 
43.2209 
43.2373 
43.2595 
43.2693 
43.2898 
43.2892 
43.2973 
43.3034 
43.3137 
43.3271 
43.3363 
43.3545 
43.38 
43.3977 
43.4032 
43.4224 
43.4408 
43.4635 
43.481 
43.5049 
43.5193 
43.519 
43.5352 
43.543 
43.5595 
43.5625 
43.561 
43.5796 
43.5826 
43.6037 
43.6062 
43.6276 
43.6346 
43.656 
43.6767 
43.6871 
43.6912 
43.708 
43.7062 
43.7191 
43.7238 
43.7473 
43.7472 
43.7642 
43.7745 
43.788 
43.7944 
43.8093 
43.8202 
43.8451 
43.8585 
43.8704 
43.8818 
43.9003 
43.9165 
43.9243 
43.9411 
43.9479 
43.9765 
43.9753 
43.9803 
43.9895 
44 
44.0054 
44.0139 
44.0308 
44.0298 
44.0404 
44.0493 
44.0693 
44.076 
44.0929 
44.1161 
44.134 
44.1292 
44.1348 
44.1327 
44.1567 
44.1665 
44.1796 
44.1804 
44.1831 
44.194 
44.2137 
44.2266 
44.2453 
44.2573 
44.2682 
44.2781 
44.2878 
44.3058 
44.3199 
44.3414 
44.3552 
44.3659 
44.3836 
44.4043 
44.4048 
44.4238 
44.4444 
44.4526 
44.4683 
44.4764 
44.4897 
44.5062 
44.5132 
44.5223 
44.5278 
44.5438 
44.55 
44.5537 
44.5697 
44.5797 
44.5861 
44.5857 
44.6019 
44.6251 
44.6305 
44.6504 
44.6421 
44.6602 
44.671 
44.6873 
44.6896 
44.6969 
44.7114 
44.7238 
44.7465 
44.7616 
44.7729 
44.7906 
44.8173 
44.8231 
44.831 
44.8414 
44.8508 
44.8719 
44.8842 
44.8814 
44.8968 
44.8943 
44.8976 
44.8999 
44.9128 
44.9221 
44.9297 
44.9281 
44.9363 
44.9446 
44.9574 
44.9665 
44.9687 
44.979 
44.9951 
45.0045 
45.0287 
45.0352 
45.0484 
45.0472 
45.0665 
45.0815 
45.0958 
45.104 
45.113 
45.1137 
45.1199 
45.1307 
45.147 
45.1619 
45.1831 
45.192 
45.2119 
45.2141 
45.2293 
45.2284 
45.2429 
45.2579 
45.2783 
45.2971 
45.3045 
45.302 
45.3188 
45.3324 
45.3304 
45.3412 
45.3571 
45.3531 
45.3637 
45.3729 
45.3842 
45.3885 
45.3982 
45.4116 
45.4218 
45.4273 
45.4326 
45.443 
45.4527 
45.4713 
45.4802 
45.4919 
45.5018 
45.516 
45.5413 
45.5499 
45.5624 
45.5787 
45.599 
45.6115 
45.6203 
45.6309 
45.6437 
45.6601 
45.6736 
45.6819 
45.6902 
45.7047 
45.7071 
45.7212 
45.7327 
45.7382 
45.7434 
45.7494 
45.7422 
45.7638 
45.7636 
45.7738 
45.7811 
45.7856 
45.7905 
45.8087 
45.8038 
45.8126 
45.831 
45.8417 
45.8536 
45.8628 
45.8648 
45.8669 
45.8814 
45.8967 
45.9103 
45.9234 
45.935 
45.9489 
45.9568 
45.9656 
45.9735 
45.9823 
46.0001 
46.0092 
46.0348 
46.0414 
46.0561 
46.0787 
46.0904 
46.0914 
46.0928 
46.101 
46.0979 
46.1094 
46.1233 
46.1387 
46.1416 
46.147 
46.1617 
46.1738 
46.1718 
46.1793 
46.1934 
46.2065 
46.2101 
46.2191 
46.2269 
46.2398 
46.2557 
46.2593 
46.2651 
46.2815 
46.2824 
46.2877 
46.2954 
46.3202 
46.3149 
46.312 
46.3306 
46.3424 
46.3534 
46.3666 
46.3795 
46.398 
46.4224 
46.4232 
46.4371 
46.4353 
46.4315 
46.4442 
46.4612 
46.4733 
46.4811 
46.4875 
46.4953 
46.5082 
46.5354 
46.5534 
46.5736 
46.596 
46.6109 
46.6177 
46.6337 
46.6346 
46.6444 
46.6622 
46.6774 
46.6919 
46.7094 
46.7125 
46.7179 
46.7216 
46.7343 
46.7483 
46.7524 
46.7589 
46.772 
46.7824 
46.7998 
46.808 
46.8074 
46.8157 
46.8411 
46.851 
46.8672 
46.8962 
46.9083 
46.9239 
46.9278 
46.9448 
46.9636 
46.9748 
46.9902 
46.9961 
47.0048 
47.0058 
47.0279 
47.0407 
47.0628 
47.0784 
47.086 
47.0877 
47.092 
47.0971 
47.1021 
47.1143 
47.1164 
47.1262 
47.1385 
47.1432 
47.162 
47.1744 
47.1849 
47.2 
47.2112 
47.2217 
47.2411 
47.2487 
47.2737 
47.2763 
47.2798 
47.3005 
47.3112 
47.314 
47.3381 
47.3503 
47.3539 
47.3621 
47.3746 
47.3955 
47.4004 
47.4049 
47.4134 
47.419 
47.4362 
47.4436 
47.4536 
47.4719 
47.4708 
47.4775 
47.4824 
47.5042 
47.518 
47.5319 
47.5406 
47.5621 
47.5647 
47.5547 
47.5666 
47.5848 
47.592 
47.597 
47.6008 
47.6162 
47.6348 
47.6472 
47.6656 
47.6754 
47.6802 
47.6811 
47.6844 
47.6877 
47.7017 
47.7043 
47.7104 
47.7272 
47.7433 
47.7595 
47.7731 
47.7898 
47.8089 
47.8361 
47.845 
47.856 
47.8587 
47.8745 
47.8926 
47.9019 
47.9098 
47.9112 
47.9192 
47.903 
47.9179 
47.9263 
47.9443 
47.9564 
47.959 
47.9744 
47.9814 
48.0018 
48.0092 
48.0134 
48.0164 
48.027 
48.0355 
48.0488 
48.0611 
48.075 
48.0759 
48.0812 
48.0867 
48.1022 
48.1074 
48.1168 
48.1293 
48.1396 
48.1614 
48.1723 
48.1789 
48.165 
48.18 
48.1861 
48.1962 
48.2149 
48.218 
48.2321 
48.2258 
48.2345 
48.2501 
48.2571 
48.2737 
48.2866 
48.292 
48.3054 
48.3179 
48.335 
48.3486 
48.3527 
48.3673 
48.3736 
48.3885 
48.3956 
48.4034 
48.413 
48.425 
48.4391 
48.4405 
48.4417 
48.4351 
48.4564 
48.4546 
48.4619 
48.4642 
48.4617 
48.4766 
48.4869 
48.4884 
48.4929 
48.5086 
48.5181 
48.5412 
48.548 
48.5598 
48.5623 
48.5897 
48.6066 
48.6267 
48.6466 
48.6357 
48.654 
48.6704 
48.6858 
48.6955 
48.7118 
48.717 
48.7218 
48.7296 
48.7458 
48.767 
48.7759 
48.7892 
48.7993 
48.8044 
48.8129 
48.8231 
48.8357 
48.8588 
48.8603 
48.8739 
48.8779 
48.8955 
48.9096 
48.9116 
48.9158 
48.936 
48.9402 
48.9511 
48.9635 
48.962 
48.9831 
48.9889 
49.0062 
49.0163 
49.0251 
49.0342 
49.051 
49.0603 
49.0618 
49.0766 
49.0682 
49.0698 
49.0796 
49.0909 
49.1014 
49.1117 
49.1163 
49.1364 
49.139 
49.1601 
49.166 
49.1702 
49.1828 
49.1798 
49.1958 
49.2129 
49.2358 
49.2441 
49.2511 
49.261 
49.2752 
49.2795 
49.2853 
49.2923 
49.3009 
49.3123 
49.318 
49.328 
49.3358 
49.3403 
49.3517 
49.3627 
49.3738 
49.3838 
49.3908 
49.3875 
49.4007 
49.4141 
49.4241 
49.4319 
49.452 
49.4589 
49.4665 
49.4767 
49.4752 
49.4969 
49.4995 
49.5137 
49.5182 
49.5305 
49.5398 
49.5549 
49.5681 
49.5664 
49.5789 
49.5806 
49.586 
49.5996 
49.6242 
49.6273 
49.6432 
49.6497 
49.6603 
49.6756 
49.6731 
49.6895 
49.6934 
49.7026 
49.7269 
49.7371 
49.7518 
49.7704 
49.7724 
49.7724 
49.7936 
49.8114 
49.8186 
49.8259 
49.8423 
49.8498 
49.8626 
49.8678 
49.8736 
49.8793 
49.8932 
49.9094 
49.916 
49.9332 
49.9446 
49.9453 
49.9581 
49.9853 
50.0008 
50.0024 
50.0214 
50.028 
50.0328 
50.0474 
50.0563 
50.0755 
50.0953 
50.1085 
50.113 
50.1297 
50.1428 
50.1405 
50.1387 
50.1646 
50.1708 
50.1764 
50.1861 
50.1811 
50.1637 
50.1595 
50.1652 
50.1806 
50.1875 
50.1899 
50.2047 
50.2185 
50.2288 
50.2395 
50.2518 
50.2509 
50.2668 
50.2677 
50.2748 
50.2824 
50.2852 
50.2863 
50.2875 
50.2968 
50.3042 
50.309 
50.3225 
50.3345 
50.3348 
50.3412 
50.351 
50.3525 
50.3521 
50.3661 
50.3713 
50.3983 
50.3989 
50.4108 
50.4266 
50.4407 
50.4602 
50.4743 
50.4752 
50.4867 
50.4978 
50.5011 
50.511 
50.5154 
50.5178 
50.5436 
50.5424 
50.5527 
50.5736 
50.5772 
50.588 
50.596 
50.6012 
50.5989 
50.6103 
50.6109 
50.6237 
50.6322 
50.634 
50.6452 
50.6542 
50.6631 
50.6619 
50.675 
50.6791 
50.6908 
50.6958 
50.7093 
50.7138 
50.7166 
50.7291 
50.7251 
50.7344 
50.7535 
50.7559 
50.7586 
50.7712 
50.7763 
50.7907 
50.7859 
50.8008 
50.7997 
50.8143 
50.8282 
50.8214 
50.8306 
50.8387 
50.8483 
50.8625 
50.8807 
50.8901 
50.8986 
50.9091 
50.9104 
50.9155 
50.9243 
50.9341 
50.9401 
50.9474 
50.9582 
50.9709 
50.9741 
50.9887 
50.9932 
51.0134 
51.0193 
51.0295 
51.0335 
51.0334 
51.0403 
51.0521 
51.0528 
51.0547 
51.0639 
51.0721 
51.0823 
51.0919 
51.0922 
51.1011 
51.1027 
51.0995 
51.109 
51.1308 
51.126 
51.1299 
51.1372 
51.1506 
51.1796 
51.184 
51.1993 
51.2141 
51.2344 
51.2445 
51.254 
51.2574 
51.2489 
51.2598 
51.2798 
51.2947 
51.2983 
51.2957 
51.3057 
51.331 
51.3453 
51.344 
51.3434 
51.3459 
51.3661 
51.3758 
51.3914 
51.3903 
51.4018 
51.4177 
51.4152 
51.4213 
51.428 
51.4319 
51.4441 
51.458 
51.4532 
51.4548 
51.4486 
51.4686 
51.4833 
51.497 
51.5196 
51.5367 
51.5423 
51.5447 
51.553 
51.5686 
51.5762 
51.578 
51.594 
51.6097 
51.6163 
51.6108 
51.6229 
51.6441 
51.6478 
51.6522 
51.6635 
51.6841 
51.6849 
51.6954 
51.6936 
51.6991 
51.7174 
51.7228 
51.7373 
51.7469 
51.7534 
51.7608 
51.7704 
51.7724 
51.7843 
51.799 
51.7943 
51.7941 
51.806 
51.8193 
51.8382 
51.8531 
51.8542 
51.8666 
51.855 
51.8733 
51.877 
51.8882 
51.8973 
51.9023 
51.9093 
51.9157 
51.9345 
51.9524 
51.9698 
51.9788 
51.9831 
51.9867 
52.0044 
52.02 
52.0165 
52.0228 
52.0367 
52.0486 
52.0611 
52.0707 
52.0851 
52.1021 
52.1058 
52.1204 
52.1282 
52.1306 
52.1384 
52.1522 
52.1691 
52.1807 
52.1845 
52.1892 
52.2006 
52.2129 
52.2207 
52.2327 
52.2412 
52.2433 
52.2598 
52.2736 
52.2924 
52.298 
52.32 
52.3344 
52.3471 
52.344 
52.3504 
52.3663 
52.3797 
52.3945 
52.4008 
52.4131 
52.4335 
52.4324 
52.4544 
52.4658 
52.4741 
52.4908 
52.4893 
52.4954 
52.5002 
52.5136 
52.5288 
52.5527 
52.5586 
52.5687 
52.5867 
52.6078 
52.6159 
52.6399 
52.6533 
52.6673 
52.6718 
52.6791 
52.686 
52.6922 
52.7089 
52.7274 
52.729 
52.7419 
52.7497 
52.7669 
52.7713 
52.7758 
52.7769 
52.802 
52.8171 
52.8384 
52.8497 
52.8608 
52.8668 
52.8707 
52.879 
52.8874 
52.9018 
52.9057 
52.9185 
52.9401 
52.948 
52.9597 
52.9699 
52.9785 
53.0025 
53.016 
53.0227 
53.0376 
53.0423 
53.0466 
53.0424 
53.055 
53.0779 
53.0878 
53.0886 
53.0999 
53.1128 
53.1186 
53.1219 
53.1467 
53.1457 
53.1478 
53.1667 
53.1763 
53.175 
53.1858 
53.1929 
53.2086 
53.2224 
53.2374 
53.2462 
53.2559 
53.2597 
53.2654 
53.2838 
53.304 
53.3023 
53.3004 
53.314 
53.3356 
53.3485 
53.3539 
53.3587 
53.3666 
53.3896 
53.3818 
53.3857 
53.3951 
53.4148 
53.4394 
53.4325 
53.4422 
53.4563 
53.4731 
53.4732 
53.4771 
53.4873 
53.495 
53.5152 
53.5366 
53.535 
53.5446 
53.5477 
53.5533 
53.5511 
53.5616 
53.5636 
53.5857 
53.594 
53.6017 
53.6133 
53.6313 
53.6351 
53.6443 
53.6448 
53.6625 
53.6845 
53.6955 
53.6903 
53.705 
53.7229 
53.7406 
53.7368 
53.7558 
53.7722 
53.7846 
53.8057 
53.8264 
53.8259 
53.8282 
53.8333 
53.8423 
53.8633 
53.875 
53.898 
53.9114 
53.9228 
53.9196 
53.9172 
53.9346 
53.9474 
53.9604 
53.9731 
53.9807 
53.9831 
53.9914 
53.995 
54.0083 
54.023 
54.0292 
54.0428 
54.0503 
54.0595 
54.0662 
54.0765 
54.0985 
54.1096 
54.1162 
54.14 
54.1589 
54.1685 
54.1794 
54.1884 
54.201 
54.1952 
54.2021 
54.198 
54.2034 
54.2151 
54.2309 
54.231 
54.2412 
54.2505 
54.2514 
54.253 
54.2664 
54.2736 
54.272 
54.2729 
54.2925 
54.3032 
54.3096 
54.312 
54.3267 
54.3369 
54.3572 
54.3686 
54.3711 
54.3828 
54.3899 
54.4008 
54.4156 
54.4244 
54.4226 
54.4438 
54.45 
54.4709 
54.4795 
54.4874 
54.4898 
54.489 
54.4868 
54.4975 
54.5145 
54.5182 
54.5335 
54.5363 
54.5573 
54.5742 
54.5833 
54.5957 
54.604 
54.6202 
54.6315 
54.6474 
54.6587 
54.6673 
54.6621 
54.6695 
54.6791 
54.6958 
54.714 
54.723 
54.7124 
54.7175 
54.736 
54.741 
54.7498 
54.7578 
54.7709 
54.7877 
54.7959 
54.7961 
54.8119 
54.8141 
54.8192 
54.8351 
54.8475 
54.8606 
54.888 
54.8949 
54.8929 
54.9071 
54.908 
54.9098 
54.9316 
54.9316 
54.9397 
54.941 
54.9558 
54.9801 
54.9894 
55.0115 
55.0245 
55.043 
55.0566 
55.0662 
55.0675 
55.0754 
55.0733 
55.0743 
55.0707 
55.0729 
55.0738 
55.0966 
55.1093 
55.1066 
55.1181 
55.1237 
55.1327 
55.1607 
55.1817 
55.191 
55.1827 
55.1862 
55.1924 
55.1906 
55.2046 
55.2237 
55.2176 
55.2259 
55.2218 
55.227 
55.2414 
55.2423 
55.2529 
55.2671 
55.2775 
55.2841 
55.2884 
55.3013 
55.3005 
55.3188 
55.3271 
55.3415 
55.3399 
55.3443 
55.3476 
55.3694 
55.3614 
55.3746 
55.3848 
55.398 
55.4182 
55.428 
55.4288 
55.4438 
55.4453 
55.4546 
55.4604 
55.4674 
55.4854 
55.4923 
55.4995 
55.5119 
55.5256 
55.5344 
55.5444 
55.5725 
55.5814 
55.5921 
55.6025 
55.6129 
55.6329 
55.638 
55.6439 
55.6441 
55.6446 
55.6443 
55.653 
55.6604 
55.6817 
55.6939 
55.7128 
55.7189 
55.7365 
55.7427 
55.7481 
55.7424 
55.7523 
55.7485 
55.7579 
55.7834 
55.8132 
55.8273 
55.8352 
55.8467 
55.8519 
55.8541 
55.8525 
55.8686 
55.8644 
55.8671 
55.8749 
55.8867 
55.8953 
55.9079 
55.9252 
55.9265 
55.946 
55.9583 
55.9677 
55.9762 
55.9791 
55.999 
56.0034 
56.0172 
56.0273 
56.0358 
56.0499 
56.0572 
56.0563 
56.0636 
56.0749 
56.0922 
56.0945 
56.1071 
56.1109 
56.1209 
56.1382 
56.1525 
56.1639 
56.1647 
56.1787 
56.1883 
56.187 
56.215 
56.226 
56.2321 
56.2437 
56.2577 
56.2669 
56.2911 
56.3015 
56.3081 
56.3177 
56.3334 
56.3499 
56.362 
56.3756 
56.3804 
56.3989 
56.4087 
56.4125 
56.4235 
56.429 
56.4485 
56.4635 
56.4779 
56.4941 
56.494 
56.5168 
56.5268 
56.5337 
56.5465 
56.5587 
56.5589 
56.5678 
56.5821 
56.5993 
56.6108 
56.6219 
56.621 
56.6289 
56.6426 
56.6623 
56.6713 
56.6846 
56.6859 
56.6932 
56.706 
56.7149 
56.7161 
56.7185 
56.7427 
56.7456 
56.7547 
56.7633 
56.771 
56.7905 
56.7993 
56.8064 
56.8082 
56.8204 
56.8386 
56.8436 
56.8533 
56.8542 
56.8645 
56.8825 
56.8865 
56.8966 
56.9165 
56.9264 
56.9399 
56.9557 
56.9614 
56.9633 
56.9747 
56.978 
56.9813 
57.0096 
57.0242 
57.04 
57.0517 
57.0573 
57.0716 
57.09 
57.094 
57.1213 
57.1439 
57.1499 
57.1586 
57.1673 
57.1747 
57.1742 
57.1639 
57.1776 
57.1786 
57.1912 
57.2042 
57.2136 
57.2214 
57.2315 
57.2347 
57.2459 
57.2591 
57.2658 
57.2676 
57.2792 
57.285 
57.2789 
57.2936 
57.3123 
57.3163 
57.3301 
57.3275 
57.3479 
57.3565 
57.3544 
57.3641 
57.3799 
57.3869 
57.3865 
57.4007 
57.3996 
57.4035 
57.4118 
57.424 
57.4201 
57.4215 
57.4366 
57.4494 
57.4593 
57.4647 
57.4737 
57.4845 
57.4967 
57.5042 
57.5145 
57.5242 
57.5258 
57.5223 
57.5249 
57.5283 
57.5373 
57.5345 
57.5421 
57.5523 
57.5675 
57.5827 
57.5769 
57.5855 
57.5962 
57.5949 
57.6114 
57.618 
57.6315 
57.6514 
57.6594 
57.6683 
57.674 
57.6856 
57.7045 
57.7161 
57.7316 
57.7416 
57.7454 
57.7542 
57.7633 
57.7775 
57.7829 
57.8037 
57.8141 
57.8191 
57.8384 
57.8455 
57.8605 
57.8838 
57.8941 
57.9012 
57.901 
57.908 
57.9126 
57.9234 
57.9265 
57.9312 
57.941 
57.96 
57.9661 
57.9635 
57.9688 
57.9873 
58.0088 
58.0303 
58.0336 
58.0455 
58.069 
58.0921 
58.0924 
58.0902 
58.0878 
58.0944 
58.0975 
58.0989 
58.1109 
58.1265 
58.1416 
58.1492 
58.1624 
58.1778 
58.189 
58.2045 
58.2097 
58.2102 
58.2196 
58.2128 
58.2224 
58.238 
58.2419 
58.2514 
58.2695 
58.2742 
58.2799 
58.2874 
58.284 
58.2822 
58.2877 
58.2936 
58.3132 
58.3204 
58.3352 
58.3399 
58.3507 
58.3528 
58.3628 
58.3639 
58.382 
58.3936 
58.4039 
58.415 
58.4254 
58.4296 
58.4489 
58.4473 
58.4644 
58.4695 
58.4754 
58.4814 
58.4903 
58.4936 
58.4992 
58.5153 
58.5214 
58.5324 
58.5429 
58.5533 
58.5643 
58.5833 
58.5868 
58.5982 
58.6015 
58.6105 
58.6193 
58.6352 
58.6519 
58.6576 
58.6713 
58.683 
58.6847 
58.6928 
58.7051 
58.7184 
58.728 
58.7409 
58.7488 
58.7557 
58.7687 
58.7798 
58.7847 
58.7975 
58.7974 
58.821 
58.8343 
58.8289 
58.8267 
58.8473 
58.8541 
58.8648 
58.8834 
58.8851 
58.886 
58.8862 
58.9023 
58.9254 
58.9305 
58.9385 
58.9332 
58.9449 
58.9442 
58.9564 
58.9674 
58.9629 
58.9708 
58.9854 
58.996 
59.0042 
59.0115 
59.0161 
59.0373 
59.0421 
59.055 
59.0559 
59.056 
59.0746 
59.0718 
59.0835 
59.1015 
59.1151 
59.1342 
59.1476 
59.1623 
59.1702 
59.1903 
59.2085 
59.2235 
59.2235 
59.2252 
59.2206 
59.2151 
59.2346 
59.2392 
59.2483 
59.2546 
59.2589 
59.2817 
59.2945 
59.3114 
59.3252 
59.3349 
59.3442 
59.3489 
59.3583 
59.367 
59.3793 
59.3713 
59.3675 
59.3714 
59.3703 
59.3756 
59.3814 
59.3819 
59.3869 
59.397 
59.395 
59.3989 
59.412 
59.432 
59.4331 
59.4361 
59.4451 
59.4548 
59.4623 
59.4632 
59.4598 
59.4794 
59.4863 
59.4855 
59.4966 
59.5092 
59.5121 
59.533 
59.5271 
59.5449 
59.5607 
59.5596 
59.5753 
59.5897 
59.6018 
59.6198 
59.6255 
59.6308 
59.6319 
59.6416 
59.6506 
59.6559 
59.6645 
59.6773 
59.6901 
59.6902 
59.6988 
59.6971 
59.7051 
59.714 
59.7155 
59.7127 
59.7114 
59.7114 
59.7264 
59.7321 
59.7419 
59.7392 
59.7545 
59.7537 
59.7585 
59.7754 
59.7778 
59.7811 
59.7915 
59.7992 
59.7997 
59.8062 
59.8061 
59.8367 
59.8319 
59.8393 
59.8465 
59.852 
59.8702 
59.8833 
59.8908 
59.89 
59.8958 
59.9184 
59.9234 
59.9355 
59.9424 
59.9521 
59.9535 
59.9563 
59.9718 
59.9801 
59.9899 
59.9889 
59.9991 
59.9998 
60.0172 
60.0195 
60.0211 
60.0293 
60.0444 
60.0557 
60.0674 
60.081 
60.0941 
60.0914 
60.101 
60.1049 
60.1148 
60.1149 
60.1292 
60.1393 
60.145 
60.1491 
60.1456 
60.1524 
60.1563 
60.1647 
60.1812 
60.1878 
60.1865 
60.202 
60.2138 
60.229 
60.2358 
60.2406 
60.2433 
60.2579 
60.2573 
60.2633 
60.2764 
60.2792 
60.2953 
60.3075 
60.3121 
60.3336 
60.3418 
60.3465 
60.3586 
60.3605 
60.3561 
60.3644 
60.3702 
60.3753 
60.3895 
60.401 
60.4076 
60.4134 
60.4187 
60.4192 
60.4303 
60.4302 
60.4418 
60.4517 
60.4583 
60.4551 
60.4555 
60.4616 
60.4679 
60.4737 
60.483 
60.4917 
60.5028 
60.5167 
60.5278 
60.5345 
60.5369 
60.5488 
60.571 
60.5804 
60.591 
60.6008 
60.6127 
60.6234 
60.6327 
60.6425 
60.6662 
60.6736 
60.6878 
60.6991 
60.7159 
60.7373 
60.7454 
60.7507 
60.7437 
60.7434 
60.7497 
60.7632 
60.7678 
60.7743 
60.7806 
60.7868 
60.788 
60.8013 
60.8251 
60.8306 
60.8356 
60.8466 
60.846 
60.8588 
60.875 
60.8939 
60.9021 
60.9179 
60.9109 
60.9238 
60.9323 
60.933 
60.9344 
60.9312 
60.9416 
60.9514 
60.9674 
60.9811 
61.0056 
61.0151 
61.0161 
61.0217 
61.0229 
61.0304 
61.0346 
61.0446 
61.0602 
61.065 
61.0782 
61.0889 
61.0991 
61.1043 
61.1212 
61.1326 
61.1396 
61.1562 
61.1591 
61.1565 
61.1656 
61.1622 
61.164 
61.1725 
61.1788 
61.1825 
61.1929 
61.1943 
61.2002 
61.1938 
61.1969 
61.2039 
61.2012 
61.1979 
61.1992 
61.2162 
61.2226 
61.2355 
61.2489 
61.248 
61.2588 
61.2702 
61.2735 
61.2961 
61.2922 
61.2939 
61.3035 
61.3042 
61.3115 
61.3241 
61.3358 
61.3513 
61.3682 
61.3841 
61.3811 
61.3875 
61.4038 
61.4088 
61.4103 
61.4211 
61.4267 
61.4365 
61.4402 
61.4494 
61.45 
61.4603 
61.4656 
61.4876 
61.5103 
61.5168 
61.5046 
61.5204 
61.5195 
61.525 
61.5354 
61.5466 
61.5626 
61.5755 
61.5786 
61.5916 
61.5933 
61.6014 
61.6128 
61.6138 
61.6203 
61.6237 
61.6368 
61.6443 
61.6542 
61.6582 
61.6675 
61.6819 
61.6999 
61.7053 
61.7089 
61.7036 
61.7173 
61.7117 
61.7124 
61.721 
61.735 
61.7341 
61.7493 
61.766 
61.7668 
61.7768 
61.7969 
61.7976 
61.806 
61.806 
61.81 
61.8158 
61.8184 
61.8214 
61.8255 
61.8348 
61.8375 
61.8377 
61.8331 
61.8436 
61.8408 
61.8569 
61.8541 
61.8757 
61.8787 
61.8924 
61.897 
61.91 
61.9162 
61.9341 
61.9351 
61.9408 
61.9437 
61.9378 
61.9497 
61.9642 
61.9728 
61.9683 
61.9805 
61.9866 
61.994 
62.0142 
62.0356 
62.0378 
62.0436 
62.0558 
62.0526 
62.0631 
62.0675 
62.0906 
62.1007 
62.1214 
62.1374 
62.1504 
62.1693 
62.193 
62.2059 
62.2194 
62.2397 
62.2484 
62.2662 
62.2697 
62.2729 
62.2698 
62.2745 
62.2797 
62.2899 
62.2997 
62.31 
62.3119 
62.3292 
62.3361 
62.3475 
62.3526 
62.3609 
62.3699 
62.3812 
62.3974 
62.3878 
62.4113 
62.4201 
62.4371 
62.4496 
62.4482 
62.4604 
62.4733 
62.4878 
62.4911 
62.5025 
62.5142 
62.5181 
62.5302 
62.5284 
62.5364 
62.5408 
62.5546 
62.5762 
62.5936 
62.5931 
62.5992 
62.5977 
62.6082 
62.61 
62.6186 
62.6297 
62.643 
62.6409 
62.6473 
62.6622 
62.6665 
62.6743 
62.6784 
62.6801 
62.6834 
62.7087 
62.7304 
62.7325 
62.731 
62.7365 
62.7479 
62.7577 
62.7565 
62.7577 
62.7663 
62.7714 
62.7798 
62.791 
62.7868 
62.7995 
62.8169 
62.8338 
62.8474 
62.8576 
62.8609 
62.8732 
62.8782 
62.8969 
62.9129 
62.9169 
62.9211 
62.9363 
62.9457 
62.9554 
62.9546 
62.9588 
62.9689 
62.9691 
62.9736 
62.9824 
62.988 
62.996 
63.0036 
63.0085 
63.0055 
63.0086 
63.0242 
63.0337 
63.0353 
63.0484 
63.0613 
63.0616 
63.0743 
63.087 
63.1006 
63.1184 
63.1352 
63.1378 
63.1482 
63.1527 
63.1617 
63.1668 
63.1689 
63.1781 
63.2053 
63.2141 
63.2173 
63.2165 
63.2171 
63.223 
63.2212 
63.2298 
63.2605 
63.2693 
63.2689 
63.2756 
63.2803 
63.2836 
63.3006 
63.3103 
63.3157 
63.3072 
63.319 
63.3223 
63.3305 
63.3461 
63.3557 
63.3703 
63.3718 
63.3803 
63.3955 
63.3966 
63.4039 
63.4041 
63.4143 
63.4129 
63.4262 
63.4356 
63.4381 
63.4418 
63.4448 
63.4465 
63.4453 
63.4554 
63.456 
63.4741 
63.4708 
63.4786 
63.4863 
63.4814 
63.4804 
63.4959 
63.4935 
63.5058 
63.5187 
63.5284 
63.5465 
63.5544 
63.5706 
63.5763 
63.5719 
63.5857 
63.5882 
63.6006 
63.614 
63.6247 
63.6308 
63.647 
63.6537 
63.6691 
63.6824 
63.6879 
63.6846 
63.692 
63.6857 
63.7023 
63.7039 
63.7146 
63.7133 
63.7108 
63.7265 
63.7353 
63.7451 
63.7486 
63.7555 
63.761 
63.7661 
63.7867 
63.8037 
63.8161 
63.8272 
63.8402 
63.8463 
63.8488 
63.8403 
63.8381 
63.8419 
63.8569 
63.8666 
63.8662 
63.8642 
63.8753 
63.8778 
63.8645 
63.8811 
63.8971 
63.904 
63.9279 
63.9435 
63.9563 
63.9646 
63.9798 
63.9858 
63.994 
64.0159 
64.0212 
64.0281 
64.0377 
64.0565 
64.0649 
64.0707 
64.073 
64.0842 
64.1024 
64.1244 
64.1296 
64.1366 
64.1437 
64.1655 
64.1818 
64.1818 
64.1937 
64.1986 
64.2103 
64.2088 
64.2222 
64.2233 
64.2365 
64.2496 
64.2474 
64.2574 
64.2698 
64.2715 
64.2728 
64.2769 
64.289 
64.3009 
64.3197 
64.3276 
64.334 
64.3429 
64.36 
64.3649 
64.3724 
64.3808 
64.3838 
64.4019 
64.4135 
64.4167 
64.4341 
64.4546 
64.468 
64.4789 
64.4939 
64.5048 
64.5126 
64.5207 
64.5281 
64.539 
64.5366 
64.5332 
64.5329 
64.5448 
64.5586 
64.5599 
64.5713 
64.5691 
64.5789 
64.5871 
64.5946 
64.6086 
64.6155 
64.6155 
64.6262 
64.6308 
64.6338 
64.6385 
64.6357 
64.6364 
64.6387 
64.6365 
64.6612 
64.6623 
64.676 
64.6786 
64.6814 
64.687 
64.6994 
64.6998 
64.719 
64.7322 
64.7454 
64.7514 
64.7481 
64.7647 
64.7792 
64.7966 
64.8123 
64.8187 
64.8241 
64.8278 
64.8471 
64.8631 
64.8701 
64.8841 
64.8908 
64.9062 
64.9035 
64.9105 
64.9268 
64.9278 
64.9268 
64.9314 
64.9361 
64.9309 
64.9397 
64.9404 
64.9495 
64.9626 
64.9811 
64.9821 
64.9975 
65.0069 
65.0094 
65.0139 
65.0062 
65.0256 
65.0389 
65.0497 
65.0488 
65.0607 
65.0679 
65.0691 
65.0701 
65.0667 
65.0747 
65.0804 
65.089 
65.1016 
65.0966 
65.1079 
65.1236 
65.1361 
65.154 
65.1506 
65.1561 
65.1638 
65.1731 
65.1832 
65.1862 
65.1929 
65.2031 
65.2134 
65.2244 
65.2374 
65.2483 
65.251 
65.2547 
65.2679 
65.2694 
65.2746 
65.2872 
65.3049 
65.3032 
65.3109 
65.3163 
65.324 
65.3373 
65.3568 
65.3515 
65.3617 
65.3707 
65.3709 
65.3701 
65.3752 
65.3852 
65.4007 
65.4104 
65.4113 
65.4182 
65.4269 
65.4416 
65.4454 
65.4474 
65.4457 
65.4586 
65.4634 
65.4662 
65.4692 
65.4828 
65.4778 
65.4773 
65.4788 
65.4931 
65.4988 
65.5092 
65.512 
65.5195 
65.5224 
65.5362 
65.5401 
65.5441 
65.5502 
65.557 
65.5608 
65.5619 
65.562 
65.5802 
65.5918 
65.5962 
65.6071 
65.6156 
65.6304 
65.6383 
65.6487 
65.6564 
65.6668 
65.6884 
65.6942 
65.6963 
65.7015 
65.7143 
65.7185 
65.7276 
65.7363 
65.7444 
65.7519 
65.7521 
65.7556 
65.7659 
65.7769 
65.8003 
65.8059 
65.8001 
65.8107 
65.8184 
65.8211 
65.8337 
65.8377 
65.8461 
65.844 
65.859 
65.8669 
65.8713 
65.8883 
65.8849 
65.8861 
65.8916 
65.8925 
65.899 
65.9093 
65.923 
65.9238 
65.9278 
65.9412 
65.9488 
65.9545 
65.9767 
65.9819 
66.0023 
66.0172 
66.0209 
66.0203 
66.0264 
66.0359 
66.0473 
66.0499 
66.0617 
66.0629 
66.0647 
66.074 
66.0841 
66.0913 
66.0882 
66.0852 
66.0947 
66.1115 
66.1181 
66.1214 
66.1273 
66.1262 
66.1386 
66.1401 
66.1463 
66.1603 
66.1626 
66.1821 
66.1812 
66.1942 
66.209 
66.2251 
66.2195 
66.217 
66.2242 
66.2245 
66.2391 
66.2439 
66.2617 
66.2567 
66.2531 
66.2612 
66.2719 
66.2756 
66.2683 
66.2768 
66.2844 
66.2963 
66.2994 
66.3158 
66.3211 
66.3192 
66.3133 
66.329 
66.3377 
66.3494 
66.3554 
66.3597 
66.3605 
66.3657 
66.3705 
66.3819 
66.3884 
66.3964 
66.4077 
66.4096 
66.4289 
66.4341 
66.4396 
66.4532 
66.4629 
66.4681 
66.4842 
66.4876 
66.4928 
66.484 
66.4935 
66.4935 
66.4921 
66.4947 
66.4856 
66.4966 
66.4963 
66.5006 
66.5219 
66.5377 
66.5548 
66.5552 
66.5634 
66.5635 
66.5715 
66.5749 
66.5832 
66.5989 
66.6108 
66.6139 
66.6105 
66.6034 
66.6017 
66.6119 
66.6221 
66.638 
66.6511 
66.6769 
66.6812 
66.6967 
66.6973 
66.7062 
66.7104 
66.7131 
66.7169 
66.7202 
66.7312 
66.7487 
66.7603 
66.7637 
66.7791 
66.7753 
66.7797 
66.7907 
66.7993 
66.8099 
66.8248 
66.8294 
66.8245 
66.8291 
66.8385 
66.8459 
66.8548 
66.8634 
66.8746 
66.8748 
66.8916 
66.8943 
66.8928 
66.895 
66.9048 
66.9036 
66.9117 
66.9222 
66.9302 
66.9297 
66.9411 
66.9601 
66.9699 
66.99 
66.9889 
66.9949 
66.9969 
66.996 
67.0055 
67.0077 
67.0213 
67.0174 
67.0181 
67.0338 
67.0508 
67.0604 
67.0708 
67.0751 
67.0851 
67.08 
67.1011 
67.1158 
67.1185 
67.1267 
67.126 
67.1511 
67.1662 
67.1724 
67.1845 
67.1921 
67.1968 
67.1936 
67.1857 
67.194 
67.1957 
67.199 
67.2124 
67.2233 
67.2354 
67.2319 
67.2456 
67.2532 
67.2616 
67.2639 
67.2639 
67.2707 
67.2792 
67.2838 
67.2859 
67.2963 
67.2884 
67.296 
67.3103 
67.3241 
67.3407 
67.3433 
67.3617 
67.3724 
67.3777 
67.3968 
67.4095 
67.4218 
67.418 
67.4281 
67.429 
67.4325 
67.4282 
67.4371 
67.4275 
67.446 
67.4448 
67.4689 
67.4826 
67.4916 
67.5078 
67.5098 
67.5167 
67.5284 
67.542 
67.5624 
67.5682 
67.5822 
67.592 
67.603 
67.6127 
67.6243 
67.6367 
67.6529 
67.6626 
67.6808 
67.7026 
67.7114 
67.7292 
67.7407 
67.7504 
67.7638 
67.7753 
67.7874 
67.7954 
67.8068 
67.8139 
67.8238 
67.8411 
67.8587 
67.8778 
67.8889 
67.899 
67.905 
67.9173 
67.9211 
67.9302 
67.9403 
67.9428 
67.9408 
67.9487 
67.9592 
67.9582 
67.9663 
67.9778 
67.9829 
67.9794 
67.9939 
68.0048 
68.0157 
68.0206 
68.0232 
68.0327 
68.0512 
68.0567 
68.0567 
68.0593 
68.059 
68.0729 
68.0672 
68.0812 
68.0862 
68.0944 
68.0934 
68.1024 
68.1002 
68.1052 
68.1015 
68.1095 
68.1097 
68.1282 
68.1469 
68.1421 
68.1599 
68.173 
68.1862 
68.1936 
68.209 
68.2129 
68.2231 
68.2336 
68.2398 
68.2498 
68.2663 
68.2804 
68.2822 
68.2878 
68.2934 
68.3044 
68.3261 
68.3333 
68.3354 
68.3308 
68.3485 
68.3574 
68.3634 
68.3676 
68.3726 
68.3709 
68.3747 
68.3868 
68.3879 
68.3954 
68.3852 
68.3804 
68.3861 
68.3846 
68.3787 
68.3823 
68.39 
68.3939 
68.3994 
68.3943 
68.4031 
68.4174 
68.4295 
68.425 
68.4408 
68.4563 
68.4698 
68.4907 
68.5003 
68.5004 
68.5062 
68.5084 
68.5207 
68.5101 
68.5032 
68.5159 
68.529 
68.5329 
68.5397 
68.5562 
68.5707 
68.592 
68.6047 
68.6264 
68.6365 
68.6383 
68.6427 
68.6632 
68.675 
68.686 
68.6875 
68.6976 
68.7127 
68.7275 
68.7254 
68.7474 
68.7511 
68.7557 
68.7678 
68.7812 
68.7837 
68.8015 
68.8146 
68.8154 
68.8247 
68.8292 
68.8383 
68.842 
68.8552 
68.8654 
68.876 
68.876 
68.8862 
68.8937 
68.9091 
68.9187 
68.922 
68.9319 
68.9358 
68.9327 
68.9402 
68.9403 
68.9553 
68.9648 
68.9688 
68.9721 
68.9855 
69 
69.0074 
69.0091 
69.0149 
69.0211 
69.0293 
69.0376 
69.0347 
69.0438 
69.0503 
69.044 
69.0538 
69.0632 
69.0697 
69.0701 
69.0817 
69.0999 
69.1212 
69.1165 
69.1245 
69.1323 
69.1444 
69.1527 
69.1616 
69.1762 
69.1698 
69.1904 
69.2027 
69.2161 
69.2167 
69.2235 
69.2297 
69.2322 
69.2386 
69.2486 
69.2525 
69.2586 
69.2635 
69.269 
69.2724 
69.2883 
69.2977 
69.3074 
69.3092 
69.3141 
69.3225 
69.3316 
69.338 
69.347 
69.3482 
69.365 
69.3706 
69.372 
69.3833 
69.3941 
69.4091 
69.4209 
69.4424 
69.4636 
69.4688 
69.4631 
69.467 
69.4782 
69.4825 
69.4875 
69.4928 
69.4974 
69.5012 
69.4955 
69.503 
69.5144 
69.5292 
69.5472 
69.5599 
69.5751 
69.5754 
69.583 
69.58 
69.5846 
69.6067 
69.6087 
69.6148 
69.63 
69.636 
69.6315 
69.6418 
69.6485 
69.6518 
69.6639 
69.6766 
69.679 
69.6909 
69.6969 
69.7091 
69.723 
69.7367 
69.7489 
69.7656 
69.7715 
69.7808 
69.784 
69.7924 
69.8022 
69.8126 
69.8282 
69.842 
69.8494 
69.8702 
69.8691 
69.8778 
69.8877 
69.9064 
69.9175 
69.9384 
69.9534 
69.9674 
69.9728 
69.9842 
69.9944 
69.9901 
69.9892 
70.0085 
70.0227 
70.0265 
70.0308 
70.0327 
70.0365 
70.0535 
70.0494 
70.0634 
70.0854 
70.099 
70.0998 
70.1142 
70.112 
70.1164 
70.127 
70.129 
70.1359 
70.1468 
70.1562 
70.1529 
70.1629 
70.1795 
70.1895 
70.2025 
70.2077 
70.2286 
70.2366 
70.2432 
70.2621 
70.2638 
70.2643 
70.2735 
70.2691 
70.2669 
70.2801 
70.3027 
70.3065 
70.3024 
70.3111 
70.3122 
70.3186 
70.3232 
70.3209 
70.3325 
70.3313 
70.3256 
70.3276 
70.3421 
70.3571 
70.3834 
70.3937 
70.3966 
70.4036 
70.4139 
70.4245 
70.4239 
70.4272 
70.4356 
70.4501 
70.4498 
70.456 
70.4536 
70.4627 
70.4841 
70.4859 
70.4867 
70.4882 
70.4958 
70.5005 
70.5053 
70.5172 
70.5191 
70.534 
70.5564 
70.5588 
70.5633 
70.5641 
70.5679 
70.5681 
70.5732 
70.5905 
70.6044 
70.6084 
70.6226 
70.6361 
70.6554 
70.6611 
70.6695 
70.6711 
70.6869 
70.6845 
70.6949 
70.7049 
70.7071 
70.7177 
70.727 
70.7285 
70.7365 
70.7425 
70.7577 
70.7614 
70.7741 
70.7779 
70.7806 
70.7824 
70.7882 
70.7934 
70.8062 
70.8134 
70.8131 
70.8196 
70.8296 
70.8336 
70.842 
70.8352 
70.8232 
70.8318 
70.8419 
70.8553 
70.8569 
70.862 
70.8626 
70.8684 
70.8714 
70.8857 
70.8822 
70.9017 
70.9114 
70.9178 
70.9203 
70.9314 
70.9361 
70.9484 
70.9456 
70.9625 
70.9853 
70.9886 
71.0074 
71.0039 
71.0121 
71.0142 
71.0189 
71.0241 
71.0376 
71.0422 
71.0536 
71.0496 
71.0738 
71.0903 
71.0935 
71.0985 
71.1056 
71.113 
71.1232 
71.1181 
71.1217 
71.1185 
71.1228 
71.1207 
71.1237 
71.1336 
71.1406 
71.1568 
71.1599 
71.1783 
71.186 
71.2002 
71.2121 
71.2201 
71.2312 
71.2247 
71.2322 
71.2384 
71.2445 
71.2456 
71.2613 
71.2668 
71.2869 
71.2992 
71.3196 
71.3269 
71.33 
71.341 
71.3396 
71.351 
71.3622 
71.3804 
71.395 
71.4071 
71.4054 
71.4098 
71.4233 
71.4333 
71.4518 
71.4725 
71.4879 
71.4994 
71.5171 
71.5207 
71.5243 
71.5263 
71.5335 
71.5353 
71.5331 
71.5392 
71.5441 
71.5401 
71.5396 
71.5514 
71.545 
71.5487 
71.5604 
71.5702 
71.5804 
71.591 
71.5927 
71.5942 
71.5874 
71.5932 
71.6027 
71.6183 
71.6325 
71.6292 
71.6275 
71.6322 
71.6469 
71.6442 
71.649 
71.6529 
71.6648 
71.6735 
71.6817 
71.6914 
71.7037 
71.7076 
71.7162 
71.7214 
71.7301 
71.7313 
71.7364 
71.7355 
71.7362 
71.7379 
71.7386 
71.7549 
71.764 
71.7733 
71.7756 
71.7856 
71.7771 
71.7866 
71.7976 
71.8031 
71.8108 
71.8174 
71.8184 
71.8281 
71.8394 
71.8543 
71.8577 
71.861 
71.8674 
71.8692 
71.8814 
71.898 
71.9045 
71.9141 
71.9175 
71.9251 
71.927 
71.948 
71.9556 
71.9701 
71.9814 
71.9839 
71.9928 
71.9961 
72.0089 
72.013 
72.0047 
72.0186 
72.0281 
72.0353 
72.0315 
72.0336 
72.051 
72.0584 
72.0626 
72.0674 
72.0773 
72.0809 
72.0851 
72.0815 
72.0949 
72.0948 
72.0989 
72.1041 
72.0984 
72.096 
72.1038 
72.1045 
72.1133 
72.121 
72.1308 
72.1544 
72.1632 
72.1842 
72.191 
72.1993 
72.2049 
72.208 
72.2191 
72.2239 
72.2274 
72.2395 
72.2483 
72.2511 
72.2522 
72.2626 
72.2875 
72.297 
72.297 
72.308 
72.3071 
72.3162 
72.3187 
72.3399 
72.3536 
72.3679 
72.3785 
72.3907 
72.3776 
72.3861 
72.4046 
72.4152 
72.4374 
72.4362 
72.441 
72.4512 
72.4622 
72.4749 
72.4906 
72.5015 
72.5122 
72.5175 
72.5407 
72.5468 
72.5628 
72.566 
72.5769 
72.5772 
72.5813 
72.5671 
72.5771 
72.5747 
72.5862 
72.6079 
72.6157 
72.6247 
72.6384 
72.6413 
72.6348 
72.6339 
72.6446 
72.6554 
72.6583 
72.6672 
72.6888 
72.7105 
72.7182 
72.7286 
72.7336 
72.7401 
72.7372 
72.7548 
72.7557 
72.7496 
72.7515 
72.7664 
72.7737 
72.7623 
72.7678 
72.7759 
72.7885 
72.7981 
72.8109 
72.8249 
72.831 
72.8327 
72.8422 
72.8453 
72.8586 
72.8726 
72.8699 
72.8801 
72.8926 
72.8988 
72.9083 
72.9259 
72.9305 
72.9533 
72.9601 
72.9704 
72.9719 
72.9682 
72.9628 
72.975 
72.9733 
72.986 
72.9968 
73.0047 
73.0089 
73.0106 
73.0098 
73.0182 
73.0291 
73.0248 
73.0316 
73.0407 
73.0583 
73.0642 
73.0739 
73.0795 
73.0804 
73.0892 
73.0921 
73.0976 
73.1016 
73.1149 
73.123 
73.1189 
73.1219 
73.1184 
73.1123 
73.1198 
73.1305 
73.136 
73.1303 
73.1388 
73.1463 
73.1538 
73.1552 
73.1576 
73.1551 
73.1635 
73.1853 
73.1873 
73.1901 
73.197 
73.2034 
73.2069 
73.2046 
73.2193 
73.2281 
73.2292 
73.2421 
73.2343 
73.2419 
73.2553 
73.2521 
73.2594 
73.2642 
73.2723 
73.2807 
73.2906 
73.3014 
73.3111 
73.3167 
73.3208 
73.3234 
73.3346 
73.34 
73.3485 
73.3455 
73.3537 
73.3581 
73.3604 
73.3635 
73.3735 
73.375 
73.3641 
73.3704 
73.3775 
73.3807 
73.3951 
73.3954 
73.3995 
73.4171 
73.431 
73.4406 
73.4511 
73.451 
73.4473 
73.4617 
73.4722 
73.4623 
73.4749 
73.4812 
73.4848 
73.489 
73.4922 
73.4982 
73.51 
73.5103 
73.5089 
73.5194 
73.5216 
73.5238 
73.5359 
73.5464 
73.5598 
73.5565 
73.5642 
73.577 
73.5774 
73.5984 
73.6146 
73.6167 
73.6283 
73.6363 
73.6446 
73.6558 
73.6613 
73.6736 
73.69 
73.6939 
73.688 
73.7015 
73.7095 
73.7166 
73.7229 
73.7271 
73.7332 
73.748 
73.7544 
73.7559 
73.7633 
73.7609 
73.7648 
73.7696 
73.786 
73.7947 
73.8031 
73.804 
73.8058 
73.8123 
73.8238 
73.8366 
73.8458 
73.8475 
73.8584 
73.8675 
73.8886 
73.891 
73.9049 
73.9073 
73.9215 
73.9392 
73.9548 
73.9659 
73.9775 
73.9745 
73.9919 
73.9934 
73.9903 
73.9989 
73.9967 
74.0083 
74.0138 
74.0114 
74.0176 
74.0293 
74.0325 
74.043 
74.0519 
74.0646 
74.072 
74.0734 
74.0789 
74.0929 
74.0924 
74.0911 
74.1035 
74.1064 
74.117 
74.127 
74.1308 
74.1386 
74.1662 
74.1653 
74.1544 
74.1615 
74.1643 
74.1646 
74.1643 
74.1672 
74.1651 
74.1706 
74.1741 
74.1776 
74.1866 
74.194 
74.2049 
74.2092 
74.2232 
74.2292 
74.2367 
74.2473 
74.2453 
74.252 
74.265 
74.2673 
74.2708 
74.276 
74.2836 
74.2889 
74.2826 
74.2904 
74.2866 
74.3006 
74.2941 
74.309 
74.3127 
74.3141 
74.3098 
74.3238 
74.3446 
74.3498 
74.3665 
74.3635 
74.3838 
74.4016 
74.4165 
74.4295 
74.4435 
74.4608 
74.4744 
74.4873 
74.4923 
74.5045 
74.5209 
74.5312 
74.5414 
74.5424 
74.5493 
74.5502 
74.5627 
74.569 
74.5668 
74.5819 
74.5806 
74.5901 
74.6033 
74.6188 
74.6314 
74.6369 
74.6395 
74.6679 
74.6668 
74.6621 
74.66 
74.6611 
74.6602 
74.6583 
74.6687 
74.6763 
74.6835 
74.6906 
74.7048 
74.7208 
74.7178 
74.7366 
74.7399 
74.7502 
74.758 
74.7592 
74.7544 
74.7703 
74.7842 
74.8014 
74.7981 
74.8174 
74.8211 
74.8245 
74.8246 
74.8284 
74.8265 
74.8268 
74.842 
74.8498 
74.8453 
74.8573 
74.8714 
74.8868 
74.8951 
74.9053 
74.9124 
74.9185 
74.9303 
74.9351 
74.9428 
74.9446 
74.9479 
74.9448 
74.9482 
74.9534 
74.9541 
74.9493 
74.9585 
74.9534 
74.9549 
74.9656 
74.9766 
74.9854 
74.9926 
74.9996 
75.0252 
75.0376 
75.0476 
75.0486 
75.0558 
75.0618 
75.0697 
75.0675 
75.0726 
75.0777 
75.0878 
75.0901 
75.1028 
75.1175 
75.1203 
75.13 
75.1474 
75.1511 
75.1691 
75.1763 
75.1803 
75.1836 
75.1872 
75.2006 
75.2035 
75.2264 
75.2384 
75.2475 
75.2542 
75.2557 
75.2568 
75.2612 
75.2672 
75.2768 
75.2773 
75.2785 
75.2834 
75.2968 
75.3151 
75.3315 
75.33 
75.3273 
75.3441 
75.343 
75.3448 
75.3459 
75.3462 
75.3389 
75.3344 
75.3501 
75.3638 
75.3818 
75.3919 
75.3954 
75.3879 
75.3851 
75.392 
75.391 
75.3936 
75.4098 
75.4155 
75.4192 
75.4304 
75.4351 
75.4507 
75.4476 
75.4562 
75.4571 
75.4507 
75.4418 
75.448 
75.4566 
75.4729 
75.4685 
75.4629 
75.4765 
75.4825 
75.491 
75.4883 
75.4987 
75.4975 
75.4888 
75.5014 
75.5021 
75.5155 
75.5327 
75.5368 
75.5355 
75.5447 
75.5511 
75.5628 
75.5567 
75.5602 
75.5551 
75.5675 
75.5826 
75.5912 
75.5947 
75.5909 
75.5968 
75.6012 
75.6068 
75.6103 
75.616 
75.6324 
75.6301 
75.6357 
75.6294 
75.6325 
75.6518 
75.6719 
75.6662 
75.6766 
75.6766 
75.6696 
75.6746 
75.6868 
75.6937 
75.7063 
75.7212 
75.7239 
75.7407 
75.7402 
75.7487 
75.7355 
75.7503 
75.7634 
75.7674 
75.7715 
75.7814 
75.7837 
75.8011 
75.8093 
75.8137 
75.8116 
75.8089 
75.8148 
75.8195 
75.8192 
75.8197 
75.8337 
75.853 
75.8496 
75.855 
75.8705 
75.8783 
75.896 
75.9112 
75.9128 
75.9158 
75.9198 
75.9274 
75.9389 
75.9544 
75.9681 
75.9783 
75.9774 
75.9804 
75.9776 
75.981 
75.9865 
75.9986 
76.0009 
76.0217 
76.0289 
76.0294 
76.0344 
76.0451 
76.0602 
76.0702 
76.0739 
76.071 
76.0752 
76.0706 
76.076 
76.0719 
76.0874 
76.0852 
76.0973 
76.1177 
76.132 
76.1354 
76.1365 
76.1289 
76.1523 
76.1533 
76.1494 
76.1497 
76.1592 
76.1725 
76.1671 
76.1773 
76.183 
76.1739 
76.1773 
76.1884 
76.2038 
76.2083 
76.2104 
76.2204 
76.2403 
76.2447 
76.268 
76.2658 
76.275 
76.2747 
76.2822 
76.2905 
76.2918 
76.2957 
76.3081 
76.3237 
76.3353 
76.3359 
76.335 
76.3374 
76.3395 
76.3435 
76.3449 
76.3557 
76.365 
76.365 
76.3739 
76.3841 
76.3832 
76.3886 
76.3913 
76.4056 
76.4123 
76.414 
76.4189 
76.4236 
76.4277 
76.4347 
76.4449 
76.4477 
76.4651 
76.4613 
76.4787 
76.4864 
76.4952 
76.4975 
76.5062 
76.5009 
76.5033 
76.5103 
76.5122 
76.5247 
76.5324 
76.5382 
76.5356 
76.5383 
76.5489 
76.5555 
76.5611 
76.5774 
76.5779 
76.578 
76.5796 
76.5819 
76.5968 
76.6144 
76.6275 
76.6182 
76.6155 
76.6162 
76.6074 
76.6083 
76.6164 
76.6095 
76.6152 
76.6167 
76.6205 
76.6265 
76.6308 
76.6474 
76.6394 
76.6509 
76.6564 
76.6695 
76.6631 
76.6688 
76.6669 
76.6724 
76.6893 
76.6945 
76.7 
76.7031 
76.708 
76.7229 
76.7317 
76.7513 
76.764 
76.771 
76.7744 
76.7778 
76.783 
76.7876 
76.7934 
76.8006 
76.8072 
76.8114 
76.8116 
76.8188 
76.8249 
76.8287 
76.8331 
76.8446 
76.8482 
76.8589 
76.8654 
76.8754 
76.8784 
76.8898 
76.8972 
76.9121 
76.9252 
76.9273 
76.9322 
76.9284 
76.9369 
76.946 
76.9607 
76.9658 
76.9796 
76.9879 
76.9896 
76.9976 
77.0113 
77.0148 
77.0278 
77.0462 
77.0626 
77.0706 
77.0759 
77.0811 
77.0755 
77.0794 
77.0866 
77.0915 
77.1025 
77.1029 
77.1112 
77.125 
77.1369 
77.1363 
77.1466 
77.1512 
77.1513 
77.1505 
77.1588 
77.1566 
77.1645 
77.1731 
77.1776 
77.1917 
77.1972 
77.1919 
77.2042 
77.2187 
77.2246 
77.2356 
77.254 
77.2529 
77.2632 
77.2699 
77.2755 
77.284 
77.287 
77.3019 
77.3087 
77.3202 
77.3252 
77.3435 
77.3641 
77.3678 
77.365 
77.3724 
77.3763 
77.3818 
77.3887 
77.3921 
77.3971 
77.4057 
77.3969 
77.3982 
77.4 
77.4065 
77.4107 
77.4151 
77.4151 
77.4169 
77.4206 
77.4198 
77.4276 
77.4376 
77.4438 
77.4516 
77.4651 
77.4777 
77.4859 
77.4827 
77.4897 
77.4958 
77.4951 
77.4941 
77.4915 
77.5038 
77.515 
77.5223 
77.5261 
77.5221 
77.5289 
77.5368 
77.5419 
77.5499 
77.5615 
77.5709 
77.5721 
77.5613 
77.5655 
77.5759 
77.5908 
77.599 
77.6064 
77.6135 
77.6171 
77.6269 
77.6386 
77.6357 
77.6461 
77.6515 
77.6547 
77.6563 
77.6547 
77.6622 
77.6802 
77.6774 
77.6847 
77.6833 
77.6877 
77.7047 
77.7161 
77.7193 
77.7291 
77.7363 
77.7349 
77.737 
77.7335 
77.7437 
77.7619 
77.7631 
77.7587 
77.7614 
77.7759 
77.7861 
77.7981 
77.8131 
77.8312 
77.8562 
77.8658 
77.8622 
77.8688 
77.8771 
77.8868 
77.891 
77.895 
77.8933 
77.8995 
77.9161 
77.9268 
77.9304 
77.9448 
77.9485 
77.9414 
77.9614 
77.9587 
77.9651 
77.9701 
77.9759 
77.9699 
77.978 
78.0005 
78.0093 
78.0232 
78.0258 
78.0383 
78.044 
78.0437 
78.0417 
78.054 
78.0773 
78.0754 
78.0756 
78.0727 
78.0799 
78.0861 
78.0993 
78.1021 
78.1109 
78.1159 
78.1239 
78.1304 
78.1371 
78.1379 
78.1483 
78.1473 
78.1574 
78.1622 
78.1669 
78.1748 
78.195 
78.2081 
78.2195 
78.2455 
78.2476 
78.2537 
78.2653 
78.2587 
78.2605 
78.2631 
78.2727 
78.2816 
78.2907 
78.29 
78.2905 
78.301 
78.3174 
78.3272 
78.3316 
78.3463 
78.349 
78.3518 
78.3515 
78.3486 
78.3455 
78.3466 
78.3579 
78.3705 
78.3837 
78.3789 
78.3939 
78.3988 
78.3976 
78.4029 
78.3966 
78.3979 
78.4157 
78.4336 
78.4199 
78.4157 
78.4059 
78.414 
78.4305 
78.4174 
78.4384 
78.4385 
78.4421 
78.4435 
78.457 
78.462 
78.4688 
78.4781 
78.4704 
78.4694 
78.4859 
78.4973 
78.5072 
78.5161 
78.5314 
78.5282 
78.5419 
78.5429 
78.5437 
78.5444 
78.5485 
78.561 
78.5578 
78.5717 
78.5848 
78.5905 
78.5897 
78.5927 
78.5976 
78.5968 
78.6067 
78.6239 
78.6215 
78.6295 
78.6389 
78.6328 
78.6417 
78.6598 
78.6786 
78.6884 
78.7039 
78.7156 
78.7263 
78.7457 
78.7439 
78.7493 
78.7649 
78.7708 
78.7727 
78.7782 
78.8032 
78.8231 
78.8307 
78.8379 
78.8373 
78.8478 
78.8513 
78.8485 
78.8527 
78.8548 
78.8678 
78.8722 
78.885 
78.8911 
78.9063 
78.9058 
78.9124 
78.9128 
78.914 
78.9297 
78.9399 
78.9436 
78.9506 
78.9634 
78.9747 
78.9785 
78.9942 
79.0051 
79.0221 
79.0248 
79.029 
79.0283 
79.0336 
79.0373 
79.0349 
79.0383 
79.0377 
79.0355 
79.0355 
79.0419 
79.038 
79.0412 
79.0505 
79.0589 
79.0688 
79.0627 
79.0776 
79.0651 
79.0751 
79.0731 
79.0793 
79.0868 
79.0946 
79.0926 
79.0912 
79.0973 
79.0992 
79.102 
79.0997 
79.1042 
79.1048 
79.1107 
79.113 
79.1306 
79.1392 
79.1462 
79.1504 
79.1559 
79.1759 
79.1829 
79.1767 
79.1915 
79.193 
79.1933 
79.2044 
79.2187 
79.2178 
79.2178 
79.2206 
79.2347 
79.2334 
79.2251 
79.2356 
79.2343 
79.2438 
79.2451 
79.2531 
79.2742 
79.279 
79.2804 
79.2949 
79.2955 
79.3025 
79.3173 
79.3197 
79.3232 
79.3296 
79.3336 
79.3444 
79.3471 
79.3459 
79.3586 
79.3506 
79.3615 
79.3622 
79.3633 
79.3676 
79.3641 
79.3829 
79.3804 
79.3829 
79.3908 
79.3965 
79.3942 
79.3843 
79.3811 
79.3791 
79.375 
79.3771 
79.3747 
79.387 
79.3985 
79.402 
79.411 
79.4114 
79.4258 
79.4286 
79.4234 
79.4216 
79.4204 
79.4381 
79.4354 
79.4386 
79.4368 
79.4531 
79.4581 
79.4661 
79.4643 
79.4702 
79.4819 
79.4888 
79.4933 
79.5088 
79.5228 
79.5309 
79.5424 
79.5616 
79.5766 
79.5928 
79.5831 
79.5939 
79.5926 
79.5889 
79.5993 
79.6094 
79.6162 
79.6074 
79.6081 
79.6113 
79.6216 
79.6263 
79.6311 
79.6295 
79.636 
79.6406 
79.6459 
79.6594 
79.6564 
79.652 
79.6646 
79.665 
79.6712 
79.6829 
79.6837 
79.6835 
79.708 
79.7105 
79.7168 
79.7173 
79.717 
79.7147 
79.7119 
79.7156 
79.7181 
79.7231 
79.7362 
79.75 
79.7393 
79.7459 
79.7648 
79.7798 
79.7901 
79.8006 
79.8079 
79.8178 
79.8089 
79.8166 
79.8169 
79.8237 
79.8312 
79.8337 
79.842 
79.8464 
79.8412 
79.8382 
79.8314 
79.8382 
79.8531 
79.8533 
79.8548 
79.8617 
79.8598 
79.8565 
79.8657 
79.875 
79.884 
79.8927 
79.8959 
79.8949 
79.9011 
79.9044 
79.9188 
79.9206 
79.9434 
79.952 
79.9623 
79.9659 
79.9709 
79.9752 
79.981 
79.9888 
79.9866 
79.9906 
79.9981 
80.0022 
80.0178 
80.0299 
80.0401 
80.0356 
80.0428 
80.0459 
80.0546 
80.0756 
80.0931 
80.1007 
80.1192 
80.1222 
80.1318 
80.1346 
80.1386 
80.1485 
80.1546 
80.1537 
80.1696 
80.1705 
80.1782 
80.1954 
80.2019 
80.2103 
80.2077 
80.211 
80.2267 
80.2345 
80.2504 
80.2539 
80.2557 
80.272 
80.2621 
80.2694 
80.2772 
80.2827 
80.2914 
80.3067 
80.3203 
80.3283 
80.3366 
80.3385 
80.3509 
80.3554 
80.364 
80.3725 
80.3845 
80.3796 
80.3768 
80.3808 
80.3854 
80.4059 
80.4069 
80.3947 
80.4175 
80.4133 
80.4137 
80.4178 
80.4206 
80.437 
80.4391 
80.4397 
80.4398 
80.4569 
80.4693 
80.4698 
80.4893 
80.4914 
80.4989 
80.5057 
80.5196 
80.5311 
80.551 
80.5511 
80.5493 
80.5654 
80.5598 
80.5624 
80.5721 
80.5752 
80.586 
80.5841 
80.5926 
80.6046 
80.618 
80.6254 
80.6294 
80.6506 
80.6537 
80.6622 
80.6735 
80.6859 
80.7042 
80.7045 
80.7154 
80.7296 
80.7378 
80.7462 
80.7534 
80.7597 
80.7695 
80.7847 
80.8009 
80.8152 
80.8203 
80.8287 
80.8351 
80.8328 
80.834 
80.8343 
80.8475 
80.8527 
80.8559 
80.8621 
80.8619 
80.8705 
80.8664 
80.8664 
80.8761 
80.8908 
80.8992 
80.9014 
80.9014 
80.906 
80.9172 
80.9213 
80.9329 
80.9377 
80.9257 
80.9245 
80.9366 
80.9405 
80.9483 
80.9482 
80.9546 
80.9619 
80.9721 
80.9844 
80.9836 
80.9848 
80.9797 
80.9742 
80.9913 
81.0017 
81.0108 
81.0128 
81.0126 
81.0147 
81.0295 
81.0327 
81.0373 
81.0524 
81.0633 
81.0694 
81.0775 
81.0746 
81.0803 
81.0969 
81.0908 
81.1043 
81.1125 
81.1123 
81.1319 
81.1363 
81.1475 
81.1583 
81.1654 
81.1647 
81.173 
81.1806 
81.1834 
81.1827 
81.1958 
81.2047 
81.2095 
81.2199 
81.2294 
81.2389 
81.2515 
81.2547 
81.2564 
81.2689 
81.2706 
81.2795 
81.2929 
81.2937 
81.2875 
81.2969 
81.2971 
81.3013 
81.304 
81.3185 
81.3249 
81.3351 
81.3447 
81.3445 
81.3536 
81.3644 
81.3649 
81.37 
81.377 
81.3811 
81.3979 
81.4046 
81.3925 
81.4189 
81.4315 
81.4415 
81.4544 
81.4585 
81.4636 
81.4621 
81.4711 
81.4855 
81.4977 
81.51 
81.5132 
81.512 
81.5145 
81.5199 
81.5196 
81.5303 
81.5212 
81.5394 
81.547 
81.5487 
81.5469 
81.5622 
81.5649 
81.5704 
81.5724 
81.5783 
81.5907 
81.6029 
81.6161 
81.6294 
81.6411 
81.649 
81.6551 
81.6599 
81.6692 
81.6778 
81.6871 
81.6911 
81.691 
81.6899 
81.7046 
81.7133 
81.7151 
81.7258 
81.7296 
81.7322 
81.7385 
81.749 
81.7446 
81.7474 
81.7576 
81.7707 
81.7653 
81.7792 
81.7909 
81.8005 
81.8075 
81.8211 
81.8336 
81.8432 
81.855 
81.8668 
81.8715 
81.8747 
81.877 
81.8818 
81.8774 
81.8802 
81.8753 
81.8816 
81.8887 
81.8947 
81.899 
81.9062 
81.91 
81.9187 
81.9294 
81.9326 
81.9461 
81.9432 
81.9464 
81.9456 
81.9477 
81.9612 
81.9776 
81.9669 
81.9636 
81.9816 
81.9959 
82.0094 
82.019 
82.0214 
82.0204 
82.0324 
82.0393 
82.0446 
82.0607 
82.0647 
82.0715 
82.0783 
82.0889 
82.0896 
82.1024 
82.1153 
82.1222 
82.1323 
82.1326 
82.1325 
82.136 
82.1527 
82.1551 
82.1656 
82.1687 
82.1764 
82.189 
82.1929 
82.204 
82.194 
82.1998 
82.1993 
82.207 
82.2087 
82.2113 
82.2075 
82.2136 
82.2121 
82.214 
82.2158 
82.2271 
82.2315 
82.2263 
82.2312 
82.2366 
82.2511 
82.2633 
82.2652 
82.27 
82.2759 
82.2739 
82.277 
82.2883 
82.2882 
82.2996 
82.2992 
82.3064 
82.3114 
82.3184 
82.3287 
82.3352 
82.3542 
82.3529 
82.355 
82.3547 
82.3568 
82.3589 
82.3695 
82.3754 
82.3845 
82.3932 
82.4062 
82.4148 
82.4082 
82.4065 
82.4103 
82.4164 
82.4255 
82.4252 
82.4371 
82.4507 
82.4445 
82.4597 
82.4641 
82.478 
82.4909 
82.4941 
82.493 
82.4987 
82.5051 
82.5047 
82.5046 
82.5246 
82.5285 
82.5304 
82.5354 
82.5423 
82.5527 
82.5622 
82.5705 
82.5804 
82.5815 
82.5777 
82.5883 
82.5927 
82.5738 
82.5726 
82.5881 
82.5861 
82.5899 
82.6014 
82.6032 
82.5988 
82.6185 
82.6199 
82.6207 
82.6214 
82.6179 
82.6247 
82.6206 
82.6184 
82.6255 
82.6331 
82.635 
82.6254 
82.6286 
82.6309 
82.6321 
82.6454 
82.6476 
82.6601 
82.6786 
82.6935 
82.6907 
82.6919 
82.705 
82.7182 
82.714 
82.7247 
82.7438 
82.7643 
82.7748 
82.7893 
82.7958 
82.7906 
82.806 
82.8208 
82.8232 
82.8357 
82.8411 
82.8345 
82.8276 
82.8405 
82.8459 
82.8533 
82.869 
82.8829 
82.8951 
82.8984 
82.9 
82.8989 
82.908 
82.9188 
82.9306 
82.9364 
82.9503 
82.962 
82.9703 
82.9869 
82.9789 
82.985 
82.9963 
82.999 
83.0099 
83.0166 
83.023 
83.0317 
83.0423 
83.0477 
83.0533 
83.0639 
83.0633 
83.0563 
83.0528 
83.0586 
83.0638 
83.0626 
83.0766 
83.0787 
83.0769 
83.0744 
83.0803 
83.0818 
83.0793 
83.0811 
83.0859 
83.092 
83.084 
83.0928 
83.0989 
83.0924 
83.0962 
83.093 
83.1086 
83.1118 
83.1183 
83.1163 
83.1205 
83.1473 
83.1642 
83.1712 
83.1739 
83.1818 
83.1758 
83.1776 
83.173 
83.1766 
83.1781 
83.1786 
83.1905 
83.194 
83.1933 
83.1984 
83.191 
83.1931 
83.195 
83.1915 
83.1945 
83.192 
83.2061 
83.2137 
83.2168 
83.2155 
83.2168 
83.2247 
83.2174 
83.2225 
83.2286 
83.2388 
83.2529 
83.262 
83.2745 
83.2676 
83.2607 
83.2639 
83.2862 
83.303 
83.3029 
83.2961 
83.2915 
83.2917 
83.2886 
83.2932 
83.303 
83.307 
83.3041 
83.315 
83.3246 
83.3407 
83.3451 
83.3523 
83.3656 
83.3691 
83.3805 
83.3807 
83.3886 
83.3898 
83.3912 
83.3909 
83.3918 
83.3926 
83.3812 
83.394 
83.3991 
83.393 
83.4003 
83.4088 
83.4114 
83.4088 
83.4061 
83.4097 
83.4169 
83.4192 
83.4423 
83.4369 
83.4372 
83.4455 
83.4557 
83.4744 
83.4784 
83.4807 
83.4784 
83.4948 
83.5144 
83.5168 
83.515 
83.5227 
83.5194 
83.5113 
83.5166 
83.5243 
83.5322 
83.5406 
83.5543 
83.5679 
83.5718 
83.5698 
83.5783 
83.5889 
83.5952 
83.6052 
83.6056 
83.6102 
83.6173 
83.6163 
83.6255 
83.6284 
83.6323 
83.6407 
83.6536 
83.6608 
83.6751 
83.6751 
83.6926 
83.6892 
83.6939 
83.6984 
83.6999 
83.6977 
83.7083 
83.7124 
83.7201 
83.734 
83.7441 
83.7511 
83.751 
83.7488 
83.7607 
83.7608 
83.7636 
83.7722 
83.7658 
83.7664 
83.7742 
83.7835 
83.7826 
83.7753 
83.7639 
83.772 
83.7743 
83.7866 
83.7826 
83.7871 
83.7951 
83.8094 
83.8078 
83.8239 
83.8338 
83.8377 
83.8411 
83.8424 
83.8406 
83.8424 
83.8594 
83.8635 
83.8627 
83.8749 
83.88 
83.8953 
83.9087 
83.9241 
83.9239 
83.9247 
83.9357 
83.9324 
83.9494 
83.9581 
83.9718 
83.9766 
83.9828 
83.9813 
83.9805 
83.982 
83.9891 
83.9888 
84.0004 
84.001 
84.0131 
84.0301 
84.041 
84.0464 
84.0531 
84.0688 
84.0762 
84.0777 
84.0768 
84.0859 
84.0919 
84.0888 
84.1085 
84.1137 
84.1318 
84.1441 
84.1441 
84.1494 
84.1525 
84.1613 
84.1609 
84.167 
84.1712 
84.1732 
84.1751 
84.184 
84.1879 
84.1996 
84.2051 
84.211 
84.2138 
84.2031 
84.2084 
84.2323 
84.244 
84.248 
84.2431 
84.2526 
84.2608 
84.2705 
84.2821 
84.2911 
84.2816 
84.2873 
84.3004 
84.3034 
84.3029 
84.2985 
84.3056 
84.3149 
84.3173 
84.3244 
84.3257 
84.3313 
84.3416 
84.3518 
84.3603 
84.3736 
84.3803 
84.3819 
84.3842 
84.3892 
84.4161 
84.4264 
84.4396 
84.446 
84.4568 
84.4568 
84.4621 
84.4702 
84.4723 
84.4721 
84.4745 
84.4794 
84.4827 
84.496 
84.5065 
84.5091 
84.5209 
84.5194 
84.5339 
84.5379 
84.5448 
84.5537 
84.5541 
84.5555 
84.5738 
84.5808 
84.5845 
84.5882 
84.5901 
84.5963 
84.6002 
84.597 
84.6123 
84.6145 
84.6321 
84.634 
84.6357 
84.6449 
84.6515 
84.6553 
84.6632 
84.6606 
84.6687 
84.6748 
84.6897 
84.6964 
84.6949 
84.7125 
84.7086 
84.7118 
84.7142 
84.7211 
84.7218 
84.7385 
84.7455 
84.7453 
84.742 
84.7578 
84.7632 
84.758 
84.7622 
84.7678 
84.7732 
84.7826 
84.7956 
84.7974 
84.7965 
84.8091 
84.8319 
84.8333 
84.8434 
84.855 
84.8539 
84.8683 
84.8844 
84.8814 
84.8841 
84.8819 
84.8932 
84.8994 
84.9045 
84.9227 
84.9209 
84.9249 
84.93 
84.9311 
84.9385 
84.9375 
84.9334 
84.9505 
84.9514 
84.9538 
84.9704 
84.9762 
84.9808 
84.9778 
84.9813 
84.9897 
84.9883 
84.992 
84.9953 
85.011 
85.0197 
85.0215 
85.0305 
85.0397 
85.0379 
85.0415 
85.0564 
85.057 
85.0603 
85.0534 
85.0659 
85.0692 
85.0649 
85.0705 
85.0765 
85.0877 
85.109 
85.1153 
85.1369 
85.1564 
85.1585 
85.1811 
85.1752 
85.1866 
85.198 
85.202 
85.2066 
85.2035 
85.2083 
85.2222 
85.2291 
85.2412 
85.2526 
85.25 
85.2481 
85.2558 
85.2717 
85.278 
85.2822 
85.2957 
85.3048 
85.3128 
85.3107 
85.3193 
85.3302 
85.3336 
85.3525 
85.3573 
85.3723 
85.3838 
85.3866 
85.3981 
85.4092 
85.4086 
85.4183 
85.4216 
85.4271 
85.4359 
85.4391 
85.4479 
85.4482 
85.4592 
85.4681 
85.4759 
85.4822 
85.4766 
85.4785 
85.4807 
85.4776 
85.4801 
85.4822 
85.497 
85.5156 
85.5126 
85.521 
85.5297 
85.538 
85.5529 
85.5581 
85.572 
85.5707 
85.5729 
85.5899 
85.5977 
85.6099 
85.6171 
85.6202 
85.6377 
85.6475 
85.6571 
85.6687 
85.6599 
85.6695 
85.6669 
85.6765 
85.6862 
85.6949 
85.6953 
85.6955 
85.7041 
85.7133 
85.7201 
85.719 
85.7199 
85.7291 
85.7237 
85.7351 
85.7446 
85.7522 
85.7582 
85.7677 
85.7684 
85.781 
85.7815 
85.7849 
85.7922 
85.8038 
85.81 
85.8123 
85.8174 
85.8209 
85.819 
85.8235 
85.8273 
85.8325 
85.8453 
85.8474 
85.8523 
85.8641 
85.8656 
85.8703 
85.881 
85.8819 
85.8842 
85.8963 
85.9016 
85.9046 
85.9154 
85.9289 
85.9231 
85.94 
85.9357 
85.9359 
85.9384 
85.9528 
85.9562 
85.9609 
85.9734 
85.9846 
85.9886 
85.9898 
85.9996 
86.0167 
86.0238 
86.0361 
86.0406 
86.0493 
86.0562 
86.0746 
86.0718 
86.0665 
86.0712 
86.0818 
86.0914 
86.0934 
86.1028 
86.1019 
86.1003 
86.0979 
86.1026 
86.091 
86.0942 
86.1016 
86.1024 
86.0968 
86.0875 
86.0931 
86.0997 
86.1068 
86.1264 
86.1302 
86.1351 
86.1442 
86.148 
86.1452 
86.1572 
86.1499 
86.1634 
86.1758 
86.1863 
86.1902 
86.1933 
86.205 
86.2098 
86.207 
86.2043 
86.2099 
86.2163 
86.2187 
86.2248 
86.2234 
86.2273 
86.2324 
86.2468 
86.2511 
86.2597 
86.2566 
86.2623 
86.2726 
86.2715 
86.2728 
86.2804 
86.2866 
86.2784 
86.2922 
86.2857 
86.2984 
86.3024 
86.3134 
86.3123 
86.3226 
86.3282 
86.3405 
86.341 
86.3402 
86.3513 
86.3638 
86.3764 
86.3757 
86.3784 
86.3933 
86.3893 
86.4021 
86.3982 
86.409 
86.4136 
86.4172 
86.4195 
86.425 
86.4366 
86.4452 
86.4337 
86.443 
86.4503 
86.4514 
86.4554 
86.4648 
86.4759 
86.4826 
86.4849 
86.4967 
86.5041 
86.5086 
86.5182 
86.5396 
86.5485 
86.5599 
86.5597 
86.5643 
86.5758 
86.5802 
86.5765 
86.5845 
86.5922 
86.5953 
86.6013 
86.5983 
86.5914 
86.5823 
86.5976 
86.6049 
86.6003 
86.6 
86.6001 
86.6138 
86.6199 
86.6407 
86.6391 
86.6337 
86.6296 
86.6379 
86.6409 
86.6418 
86.6602 
86.6736 
86.6814 
86.6901 
86.6901 
86.6849 
86.6962 
86.704 
86.7049 
86.7075 
86.7153 
86.7078 
86.7099 
86.7081 
86.7074 
86.7062 
86.7034 
86.7106 
86.7272 
86.7326 
86.7334 
86.7482 
86.7488 
86.76 
86.7604 
86.7662 
86.7552 
86.7695 
86.7793 
86.7884 
86.7998 
86.81 
86.8107 
86.8154 
86.8216 
86.8266 
86.8332 
86.8526 
86.8524 
86.8417 
86.8519 
86.8615 
86.8728 
86.8848 
86.8811 
86.8875 
86.8869 
86.8841 
86.8867 
86.8902 
86.8993 
86.9073 
86.9145 
86.9191 
86.9218 
86.9444 
86.9577 
86.9684 
86.9826 
86.9933 
86.9866 
87.0001 
87.0089 
87.0085 
87.0147 
87.0186 
87.0272 
87.031 
87.0376 
87.037 
87.057 
87.0709 
87.0695 
87.0679 
87.0636 
87.0637 
87.0694 
87.0643 
87.0718 
87.08 
87.083 
87.0852 
87.0872 
87.091 
87.0942 
87.0964 
87.1087 
87.1124 
87.1131 
87.1186 
87.1399 
87.1459 
87.1416 
87.1486 
87.1668 
87.1822 
87.1735 
87.166 
87.1658 
87.1716 
87.1692 
87.1732 
87.1815 
87.1764 
87.1735 
87.1851 
87.1825 
87.1766 
87.1761 
87.178 
87.1688 
87.1696 
87.1782 
87.1848 
87.204 
87.2028 
87.2136 
87.2087 
87.2131 
87.2254 
87.2297 
87.2495 
87.2556 
87.2686 
87.2857 
87.2914 
87.3003 
87.3165 
87.3275 
87.3193 
87.3186 
87.3289 
87.3266 
87.3374 
87.3434 
87.347 
87.3562 
87.3534 
87.3715 
87.3871 
87.3962 
87.3915 
87.401 
87.4072 
87.4181 
87.4291 
87.439 
87.4439 
87.445 
87.4586 
87.4609 
87.4668 
87.4814 
87.4907 
87.5038 
87.5066 
87.5117 
87.5114 
87.518 
87.5323 
87.5279 
87.5356 
87.556 
87.5552 
87.5631 
87.5703 
87.5764 
87.5778 
87.5884 
87.6043 
87.6198 
87.6188 
87.625 
87.6384 
87.6359 
87.6434 
87.6548 
87.6565 
87.6683 
87.6714 
87.6709 
87.6717 
87.6822 
87.701 
87.7247 
87.7252 
87.7286 
87.7379 
87.7422 
87.7542 
87.768 
87.7726 
87.7865 
87.7866 
87.8064 
87.8129 
87.8187 
87.8235 
87.8352 
87.8409 
87.8447 
87.8488 
87.8471 
87.8535 
87.8526 
87.8676 
87.8672 
87.8661 
87.8715 
87.88 
87.8766 
87.8884 
87.8898 
87.8834 
87.8903 
87.8982 
87.8978 
87.904 
87.9153 
87.9297 
87.9394 
87.9401 
87.9384 
87.936 
87.9354 
87.9399 
87.9473 
87.9594 
87.9673 
87.9781 
87.99 
87.9928 
88.0094 
88.0075 
88.0176 
88.0234 
88.0335 
88.0403 
88.043 
88.0533 
88.0528 
88.0682 
88.0707 
88.0828 
88.0931 
88.094 
88.104 
88.1041 
88.1079 
88.1076 
88.1095 
88.122 
88.1235 
88.1238 
88.13 
88.1377 
88.1472 
88.1719 
88.1745 
88.1705 
88.1825 
88.1794 
88.1798 
88.1844 
88.1859 
88.1886 
88.192 
88.1917 
88.1995 
88.2081 
88.209 
88.2088 
88.2224 
88.2245 
88.2315 
88.2378 
88.2471 
88.254 
88.2626 
88.2685 
88.2783 
88.2839 
88.2908 
88.31 
88.3154 
88.3121 
88.3326 
88.3355 
88.3373 
88.3581 
88.3624 
88.3725 
88.3829 
88.3916 
88.385 
88.3859 
88.3966 
88.3859 
88.3819 
88.3963 
88.4099 
88.4209 
88.4205 
88.4326 
88.4354 
88.4459 
88.4563 
88.4724 
88.4732 
88.4619 
88.4604 
88.4742 
88.4771 
88.4726 
88.478 
88.4822 
88.4943 
88.493 
88.4963 
88.4906 
88.4889 
88.4949 
88.5003 
88.5128 
88.5065 
88.5199 
88.529 
88.5348 
88.5467 
88.5542 
88.5659 
88.561 
88.5647 
88.551 
88.5707 
88.5741 
88.5691 
88.5729 
88.5875 
88.5868 
88.5833 
88.5788 
88.5764 
88.5916 
88.5981 
88.6103 
88.6157 
88.6205 
88.6212 
88.6378 
88.6391 
88.6403 
88.6576 
88.6583 
88.6678 
88.6845 
88.6981 
88.7018 
88.7035 
88.7049 
88.7124 
88.7226 
88.7343 
88.7379 
88.7351 
88.7424 
88.751 
88.7634 
88.7562 
88.7573 
88.7626 
88.7733 
88.7762 
88.7884 
88.7926 
88.8052 
88.8095 
88.8031 
88.8197 
88.8246 
88.8205 
88.8305 
88.8292 
88.8306 
88.8381 
88.8521 
88.8675 
88.8721 
88.8631 
88.8628 
88.8556 
88.8646 
88.8906 
88.9082 
88.9138 
88.919 
88.9258 
88.9263 
88.9302 
88.9445 
88.9676 
88.967 
88.9731 
88.9852 
88.9886 
88.9868 
88.9793 
88.9802 
88.9867 
89.0025 
89.0115 
89.016 
89.0201 
89.029 
89.0391 
89.0428 
89.0507 
89.0482 
89.0474 
89.046 
89.0522 
89.0725 
89.0718 
89.0851 
89.0953 
89.1068 
89.1125 
89.1188 
89.1323 
89.1423 
89.1481 
89.1572 
89.1736 
89.1791 
89.189 
89.1946 
89.2005 
89.217 
89.2391 
89.2588 
89.2774 
89.2811 
89.2812 
89.2893 
89.291 
89.3026 
89.2855 
89.2972 
89.2967 
89.295 
89.3079 
89.3209 
89.3207 
89.3254 
89.3184 
89.318 
89.3217 
89.3178 
89.3145 
89.3079 
89.3131 
89.3247 
89.3283 
89.3262 
89.3353 
89.3422 
89.3572 
89.3529 
89.346 
89.3644 
89.387 
89.382 
89.3855 
89.3855 
89.3902 
89.4096 
89.4121 
89.4077 
89.4141 
89.4197 
89.4215 
89.4255 
89.4293 
89.446 
89.4595 
89.4595 
89.4799 
89.4915 
89.5016 
89.5045 
89.4992 
89.486 
89.4864 
89.4899 
89.4923 
89.503 
89.5084 
89.5155 
89.523 
89.5324 
89.5437 
89.5494 
89.5414 
89.5391 
89.5398 
89.5372 
89.5518 
89.5547 
89.5475 
89.5449 
89.5512 
89.5531 
89.5637 
89.5599 
89.568 
89.5659 
89.5633 
89.5685 
89.5813 
89.5859 
89.6 
89.5991 
89.6019 
89.5958 
89.6 
89.6006 
89.612 
89.6228 
89.6173 
89.6274 
89.6325 
89.6374 
89.6392 
89.6584 
89.6575 
89.6583 
89.6694 
89.6792 
89.6767 
89.6877 
89.7127 
89.7136 
89.7191 
89.7296 
89.7282 
89.7433 
89.7503 
89.7502 
89.7546 
89.7573 
89.7631 
89.773 
89.7776 
89.7831 
89.7775 
89.7834 
89.7939 
89.8083 
89.8167 
89.819 
89.8219 
89.8199 
89.8177 
89.8252 
89.8392 
89.8499 
89.8605 
89.8582 
89.8715 
89.8811 
89.8874 
89.8876 
89.8953 
89.9045 
89.9139 
89.9263 
89.9267 
89.9264 
89.932 
89.9346 
89.9392 
89.9435 
89.9407 
89.9442 
89.9544 
89.9626 
89.9526 
89.9617 
89.9749 
89.9787 
90.0016 
89.9946 
90.0041 
89.9984 
89.9982 
90.0011 
90.0149 
90.0221 
90.0289 
90.0372 
90.0425 
90.0458 
90.0531 
90.0449 
90.0433 
90.051 
90.0481 
90.0545 
90.0569 
90.0763 
90.0831 
90.0852 
90.0967 
90.0898 
90.0846 
90.0968 
90.094 
90.1033 
90.1111 
90.1163 
90.13 
90.1136 
90.1179 
90.1283 
90.1416 
90.1363 
90.1346 
90.1359 
90.1447 
90.1469 
90.1402 
90.1472 
90.1545 
90.1616 
90.1735 
90.1893 
90.2003 
90.2146 
90.2118 
90.2282 
90.2377 
90.2553 
90.2545 
90.2593 
90.2593 
90.2579 
90.2683 
90.2737 
90.2874 
90.2921 
90.3006 
90.3216 
90.3348 
90.345 
90.3636 
90.3756 
90.3753 
90.3812 
90.3812 
90.3863 
90.4076 
90.4311 
90.4367 
90.4387 
90.4493 
90.451 
90.4568 
90.4617 
90.4586 
90.4553 
90.4534 
90.4536 
90.4675 
90.471 
90.4722 
90.4837 
90.4945 
90.4942 
90.5015 
90.5006 
90.5155 
90.5234 
90.5233 
90.5397 
90.5551 
90.5708 
90.5813 
90.5908 
90.5938 
90.5931 
90.6021 
90.6153 
90.6191 
90.6325 
90.6336 
90.6307 
90.6282 
90.6291 
90.6337 
90.6352 
90.6308 
90.6361 
90.6432 
90.6394 
90.6419 
90.6356 
90.6357 
90.6454 
90.6648 
90.6725 
90.672 
90.6699 
90.6721 
90.6804 
90.6886 
90.6982 
90.6913 
90.6921 
90.7081 
90.7215 
90.7323 
90.7264 
90.7403 
90.7389 
90.7368 
90.7356 
90.7436 
90.7577 
90.7644 
90.7605 
90.7701 
90.7671 
90.7785 
90.7823 
90.7941 
90.7949 
90.7895 
90.784 
90.7909 
90.7966 
90.8008 
90.8119 
90.8114 
90.814 
90.8105 
90.8145 
90.8222 
90.8348 
90.8389 
90.8509 
90.8469 
90.8446 
90.8609 
90.868 
90.8783 
90.8859 
90.9001 
90.9062 
90.9101 
90.9204 
90.9273 
90.9361 
90.9431 
90.9559 
90.9595 
90.9717 
90.9733 
90.9833 
90.9948 
90.9903 
90.9992 
91.0131 
91.0088 
91.0211 
91.0368 
91.0538 
91.0636 
91.0638 
91.0847 
91.0823 
91.0962 
91.1048 
91.1166 
91.1172 
91.1177 
91.1183 
91.1248 
91.1373 
91.1507 
91.1447 
91.153 
91.1635 
91.1535 
91.1531 
91.1639 
91.1739 
91.2014 
91.2 
91.205 
91.205 
91.2119 
91.2225 
91.2379 
91.249 
91.2605 
91.2669 
91.2846 
91.2967 
91.3009 
91.3129 
91.3151 
91.3174 
91.3186 
91.3227 
91.3406 
91.3438 
91.3452 
91.3468 
91.3483 
91.3374 
91.3528 
91.3684 
91.3795 
91.3822 
91.3803 
91.3766 
91.3886 
91.3988 
91.4021 
91.4153 
91.4217 
91.4232 
91.4387 
91.4479 
91.4537 
91.4747 
91.4837 
91.4973 
91.5007 
91.5062 
91.5124 
91.511 
91.5129 
91.5248 
91.5168 
91.5283 
91.539 
91.5387 
91.5348 
91.5325 
91.5329 
91.5498 
91.5674 
91.5712 
91.5812 
91.596 
91.6019 
91.6127 
91.6266 
91.6266 
91.622 
91.6241 
91.627 
91.6312 
91.6413 
91.6418 
91.645 
91.6492 
91.6583 
91.6501 
91.6608 
91.6606 
91.6695 
91.6762 
91.6897 
91.6883 
91.6882 
91.6987 
91.7002 
91.7129 
91.7201 
91.7367 
91.7392 
91.7507 
91.7485 
91.7523 
91.769 
91.7794 
91.7819 
91.7902 
91.7912 
91.7931 
91.7881 
91.8087 
91.8156 
91.8227 
91.8408 
91.847 
91.8503 
91.8527 
91.8586 
91.8759 
91.892 
91.9009 
91.9094 
91.9021 
91.9027 
91.9034 
91.909 
91.9084 
91.9099 
91.9099 
91.909 
91.9055 
91.9048 
91.9084 
91.9188 
91.921 
91.9303 
91.9394 
91.9501 
91.9525 
91.9608 
91.9747 
91.9828 
91.9723 
91.9621 
91.9782 
91.9839 
91.9949 
91.9943 
91.993 
91.9977 
92.0034 
92.0255 
92.029 
92.0294 
92.0416 
92.056 
92.0662 
92.0808 
92.078 
92.0728 
92.0819 
92.0785 
92.0742 
92.0721 
92.0778 
92.0909 
92.0912 
92.1049 
92.1171 
92.1243 
92.1396 
92.1349 
92.1369 
92.1428 
92.153 
92.1529 
92.1521 
92.1549 
92.1583 
92.1693 
92.1651 
92.1653 
92.1623 
92.1605 
92.1639 
92.1641 
92.1745 
92.1751 
92.1663 
92.169 
92.1677 
92.1882 
92.1879 
92.1955 
92.1962 
92.209 
92.2137 
92.2183 
92.2342 
92.2256 
92.2304 
92.234 
92.2443 
92.2485 
92.259 
92.2614 
92.2616 
92.2716 
92.2723 
92.2862 
92.2855 
92.2913 
92.3011 
92.3127 
92.3044 
92.3118 
92.3085 
92.3106 
92.3152 
92.3235 
92.3198 
92.3289 
92.3164 
92.3212 
92.3304 
92.3349 
92.3497 
92.3602 
92.3594 
92.3627 
92.3617 
92.3674 
92.3748 
92.3633 
92.3731 
92.3749 
92.3722 
92.3707 
92.3773 
92.3966 
92.4029 
92.4161 
92.4184 
92.4199 
92.436 
92.445 
92.4431 
92.4361 
92.4348 
92.4482 
92.4478 
92.4708 
92.4744 
92.4906 
92.4923 
92.4952 
92.5034 
92.5053 
92.5176 
92.5218 
92.5193 
92.532 
92.5346 
92.542 
92.5498 
92.5559 
92.5558 
92.5479 
92.5486 
92.5568 
92.555 
92.5633 
92.5787 
92.5907 
92.5928 
92.6051 
92.6127 
92.6079 
92.6148 
92.6172 
92.6045 
92.6155 
92.6106 
92.612 
92.6178 
92.6261 
92.6326 
92.6374 
92.639 
92.6335 
92.6491 
92.6632 
92.6685 
92.6701 
92.6835 
92.6877 
92.6938 
92.6942 
92.7006 
92.7002 
92.7144 
92.7184 
92.7273 
92.7241 
92.7274 
92.7311 
92.7387 
92.7407 
92.7259 
92.7313 
92.7245 
92.7227 
92.7292 
92.7375 
92.7337 
92.7249 
92.7219 
92.7361 
92.7302 
92.7462 
92.7448 
92.7486 
92.7582 
92.7733 
92.773 
92.7733 
92.7794 
92.785 
92.7753 
92.7877 
92.7893 
92.8015 
92.8056 
92.8091 
92.8062 
92.7999 
92.8148 
92.8284 
92.8381 
92.8384 
92.8467 
92.8471 
92.8549 
92.8577 
92.8617 
92.8596 
92.8615 
92.8708 
92.8783 
92.8878 
92.8926 
92.8978 
92.9046 
92.9096 
92.9208 
92.9275 
92.9337 
92.9386 
92.9401 
92.9458 
92.9626 
92.9651 
92.9741 
92.9824 
92.9948 
92.9965 
93.0122 
93.0101 
93.0154 
93.0153 
93.0248 
93.0363 
93.0445 
93.048 
93.0596 
93.0515 
93.047 
93.0568 
93.0649 
93.0766 
93.0799 
93.0823 
93.0928 
93.0971 
93.1062 
93.1139 
93.1112 
93.1099 
93.1109 
93.1187 
93.1343 
93.1441 
93.1478 
93.1355 
93.1413 
93.1651 
93.1753 
93.1808 
93.1915 
93.1936 
93.1958 
93.1995 
93.2121 
93.2076 
93.2048 
93.201 
93.2166 
93.219 
93.226 
93.2286 
93.237 
93.2326 
93.2249 
93.2291 
93.2286 
93.2414 
93.2489 
93.2505 
93.2584 
93.2666 
93.2657 
93.2586 
93.2577 
93.2661 
93.2682 
93.2843 
93.2891 
93.297 
93.3002 
93.3042 
93.3016 
93.3088 
93.3248 
93.3225 
93.3209 
93.3383 
93.3471 
93.3434 
93.3508 
93.3634 
93.3748 
93.3845 
93.3857 
93.3879 
93.3894 
93.3973 
93.3959 
93.3973 
93.4055 
93.4032 
93.4184 
93.4166 
93.4233 
93.4237 
93.435 
93.4355 
93.4442 
93.4503 
93.4447 
93.4469 
93.456 
93.4643 
93.4592 
93.4596 
93.4871 
93.4814 
93.5022 
93.5037 
93.5185 
93.5217 
93.5284 
93.5365 
93.5462 
93.553 
93.5666 
93.5697 
93.5779 
93.5787 
93.5785 
93.5751 
93.5858 
93.5865 
93.5865 
93.5916 
93.5981 
93.6028 
93.6087 
93.6158 
93.6277 
93.6246 
93.6233 
93.6256 
93.6379 
93.6386 
93.6441 
93.6497 
93.6373 
93.6424 
93.6461 
93.6519 
93.6697 
93.6848 
93.6984 
93.7152 
93.7159 
93.7339 
93.7432 
93.75 
93.7482 
93.7546 
93.7672 
93.7786 
93.775 
93.7811 
93.7879 
93.7892 
93.804 
93.8107 
93.815 
93.8176 
93.818 
93.8251 
93.8402 
93.8425 
93.8537 
93.8572 
93.8707 
93.8769 
93.8797 
93.8906 
93.8771 
93.8943 
93.9018 
93.8982 
93.9019 
93.8998 
93.9123 
93.9114 
93.9156 
93.9139 
93.921 
93.9283 
93.9247 
93.9398 
93.9385 
93.9374 
93.9398 
93.9414 
93.9427 
93.9532 
93.9679 
93.9787 
93.9889 
93.9978 
93.9972 
94.0044 
94.0145 
94.0142 
94.022 
94.0269 
94.0375 
94.0542 
94.0589 
94.057 
94.0656 
94.0627 
94.0711 
94.0782 
94.0919 
94.1007 
94.0935 
94.0973 
94.1172 
94.1377 
94.1453 
94.1543 
94.1612 
94.1608 
94.1674 
94.1809 
94.1915 
94.1994 
94.2108 
94.2248 
94.2346 
94.2171 
94.2207 
94.229 
94.2375 
94.2395 
94.2528 
94.2557 
94.262 
94.2607 
94.2498 
94.2523 
94.2516 
94.258 
94.2562 
94.2604 
94.2742 
94.2822 
94.2871 
94.2996 
94.314 
94.3121 
94.3158 
94.3256 
94.3241 
94.3347 
94.3496 
94.353 
94.3593 
94.3583 
94.3779 
94.3813 
94.3859 
94.397 
94.3944 
94.395 
94.3879 
94.395 
94.4026 
94.412 
94.4112 
94.4102 
94.4185 
94.4176 
94.4229 
94.4279 
94.4278 
94.4261 
94.4299 
94.4305 
94.432 
94.4425 
94.4367 
94.4358 
94.4577 
94.461 
94.4645 
94.4855 
94.4932 
94.4948 
94.5033 
94.5059 
94.5148 
94.521 
94.5227 
94.5409 
94.5381 
94.5353 
94.5352 
94.5382 
94.5538 
94.5611 
94.5708 
94.5709 
94.5742 
94.5829 
94.5899 
94.5968 
94.6158 
94.6163 
94.6218 
94.6214 
94.6193 
94.6332 
94.6425 
94.649 
94.6583 
94.6715 
94.6882 
94.7114 
94.7374 
94.7346 
94.7535 
94.7482 
94.7553 
94.7593 
94.7618 
94.7571 
94.7648 
94.7751 
94.7925 
94.7887 
94.7919 
94.7941 
94.8007 
94.8017 
94.8062 
94.8104 
94.8206 
94.8194 
94.8166 
94.8225 
94.8301 
94.826 
94.8342 
94.8435 
94.8622 
94.869 
94.8657 
94.872 
94.8747 
94.881 
94.8841 
94.8888 
94.8789 
94.8702 
94.8786 
94.8712 
94.8732 
94.8769 
94.8856 
94.894 
94.8958 
94.9053 
94.9127 
94.9354 
94.9398 
94.9353 
94.9402 
94.9359 
94.9318 
94.9449 
94.9441 
94.9634 
94.9732 
94.9812 
94.9967 
95.0093 
95.0095 
95.0211 
95.0223 
95.0275 
95.0254 
95.0252 
95.0486 
95.0528 
95.0694 
95.0725 
95.0797 
95.0795 
95.0869 
95.0988 
95.1097 
95.1258 
95.1347 
95.145 
95.1507 
95.15 
95.1446 
95.1547 
95.1567 
95.1558 
95.1408 
95.1474 
95.1606 
95.1631 
95.1715 
95.176 
95.1782 
95.1781 
95.1838 
95.1899 
95.189 
95.1849 
95.1718 
95.1757 
95.1808 
95.1992 
95.2008 
95.2114 
95.2092 
95.1957 
95.2042 
95.2136 
95.2206 
95.2281 
95.2308 
95.2424 
95.2454 
95.2527 
95.2581 
95.2573 
95.2641 
95.2834 
95.2861 
95.2937 
95.2971 
95.3027 
95.3048 
95.3107 
95.3135 
95.315 
95.3272 
95.3241 
95.3337 
95.3301 
95.3343 
95.3405 
95.3353 
95.3376 
95.3468 
95.364 
95.3686 
95.3845 
95.3814 
95.3833 
95.3922 
95.4065 
95.4067 
95.4247 
95.4309 
95.4371 
95.4396 
95.4365 
95.4399 
95.4366 
95.4508 
95.455 
95.4759 
95.4773 
95.4887 
95.492 
95.5105 
95.5179 
95.5319 
95.5426 
95.5455 
95.5608 
95.5681 
95.5795 
95.5795 
95.6071 
95.6081 
95.6003 
95.6071 
95.6017 
95.6016 
95.5994 
95.6093 
95.6155 
95.6268 
95.6417 
95.6442 
95.6576 
95.6579 
95.6649 
95.6749 
95.6799 
95.6792 
95.6742 
95.6766 
95.6776 
95.6891 
95.6962 
95.7042 
95.703 
95.7089 
95.728 
95.7227 
95.7244 
95.7213 
95.73 
95.7308 
95.7428 
95.7409 
95.755 
95.7583 
95.7709 
95.774 
95.7754 
95.8013 
95.8001 
95.808 
95.8134 
95.8269 
95.8386 
95.8484 
95.8474 
95.8476 
95.8545 
95.8555 
95.8623 
95.8719 
95.8859 
95.8892 
95.8933 
95.904 
95.8993 
95.901 
95.8971 
95.9087 
95.9237 
95.9335 
95.9325 
95.9266 
95.9339 
95.9347 
95.9376 
95.94 
95.9488 
95.9565 
95.9646 
95.9709 
95.9783 
95.9781 
95.9893 
95.9975 
96.0029 
96.0168 
96.0185 
96.0278 
96.0418 
96.0486 
96.0471 
96.0621 
96.0679 
96.0751 
96.0755 
96.0802 
96.097 
96.103 
96.1055 
96.1061 
96.1096 
96.124 
96.122 
96.1469 
96.138 
96.1378 
96.1372 
96.1361 
96.1422 
96.1347 
96.135 
96.1434 
96.1417 
96.1388 
96.1409 
96.1519 
96.1568 
96.1666 
96.1725 
96.1755 
96.1856 
96.1841 
96.1985 
96.2033 
96.2067 
96.2177 
96.2105 
96.2094 
96.2228 
96.2312 
96.2537 
96.271 
96.2639 
96.273 
96.276 
96.2813 
96.2864 
96.2884 
96.2874 
96.2978 
96.3139 
96.3171 
96.3142 
96.3226 
96.3212 
96.3174 
96.3162 
96.3268 
96.3295 
96.336 
96.3439 
96.3525 
96.3544 
96.3581 
96.3645 
96.3736 
96.3758 
96.3828 
96.3851 
96.3863 
96.4001 
96.4112 
96.4233 
96.4248 
96.4399 
96.4497 
96.4533 
96.4461 
96.4596 
96.4688 
96.4782 
96.4791 
96.4751 
96.4821 
96.4861 
96.4909 
96.4851 
96.489 
96.4849 
96.4939 
96.5012 
96.4949 
96.4996 
96.5068 
96.5106 
96.5087 
96.5065 
96.5177 
96.5222 
96.531 
96.5412 
96.546 
96.552 
96.567 
96.5618 
96.5719 
96.5735 
96.5644 
96.5576 
96.5631 
96.5653 
96.5829 
96.5892 
96.5989 
96.6033 
96.6092 
96.6054 
96.61 
96.6161 
96.615 
96.6143 
96.6233 
96.6296 
96.628 
96.6256 
96.6271 
96.6358 
96.6438 
96.6368 
96.6562 
96.6651 
96.6755 
96.686 
96.6846 
96.6944 
96.7021 
96.7069 
96.7185 
96.7227 
96.7164 
96.7323 
96.7347 
96.7367 
96.7409 
96.7357 
96.7341 
96.7332 
96.7489 
96.7519 
96.7533 
96.757 
96.7581 
96.7655 
96.7757 
96.7739 
96.7814 
96.7956 
96.798 
96.8011 
96.8161 
96.8143 
96.8171 
96.8185 
96.8253 
96.8362 
96.8416 
96.8515 
96.8632 
96.8729 
96.8706 
96.8676 
96.8769 
96.8719 
96.8746 
96.8707 
96.8791 
96.8885 
96.9045 
96.9204 
96.9395 
96.9413 
96.9415 
96.9408 
96.9409 
96.9536 
96.9565 
96.9533 
96.967 
96.9673 
96.9738 
96.9795 
96.9928 
97.0018 
97.0213 
97.0112 
97.0175 
97.0297 
97.0329 
97.0429 
97.0427 
97.0371 
97.0429 
97.0501 
97.0576 
97.0716 
97.0743 
97.0723 
97.072 
97.0793 
97.0816 
97.0739 
97.0753 
97.0877 
97.0919 
97.103 
97.1006 
97.1109 
97.121 
97.1265 
97.1355 
97.1493 
97.1504 
97.1645 
97.1744 
97.1713 
97.1749 
97.1615 
97.1709 
97.1709 
97.1867 
97.21 
97.2219 
97.2343 
97.2397 
97.2368 
97.2407 
97.2406 
97.2402 
97.2577 
97.2579 
97.268 
97.2704 
97.2887 
97.3082 
97.314 
97.3131 
97.3265 
97.3295 
97.3315 
97.3424 
97.3453 
97.3569 
97.3639 
97.3644 
97.3723 
97.3749 
97.3826 
97.3972 
97.3933 
97.4068 
97.4034 
97.408 
97.3994 
97.4092 
97.4199 
97.4141 
97.4202 
97.4278 
97.4261 
97.4242 
97.4212 
97.4266 
97.4263 
97.4357 
97.4498 
97.454 
97.4456 
97.4496 
97.4472 
97.4428 
97.4445 
97.4601 
97.4747 
97.4947 
97.5022 
97.5032 
97.5145 
97.5205 
97.5151 
97.5306 
97.5285 
97.5305 
97.5215 
97.5336 
97.5367 
97.541 
97.5426 
97.5453 
97.5527 
97.5574 
97.5807 
97.576 
97.5859 
97.5998 
97.5976 
97.6058 
97.6055 
97.6123 
97.6192 
97.6178 
97.6204 
97.6278 
97.6426 
97.6475 
97.6486 
97.6423 
97.6469 
97.6488 
97.6575 
97.6791 
97.6789 
97.6748 
97.6684 
97.6718 
97.6842 
97.6918 
97.6899 
97.7002 
97.7091 
97.7076 
97.707 
97.7214 
97.7207 
97.7224 
97.7274 
97.7329 
97.7354 
97.7373 
97.7557 
97.7505 
97.7583 
97.7699 
97.7813 
97.7745 
97.7806 
97.7982 
97.8049 
97.8199 
97.8373 
97.8385 
97.8455 
97.8482 
97.8651 
97.8751 
97.8958 
97.9069 
97.9179 
97.9172 
97.92 
97.9354 
97.961 
97.957 
97.9808 
97.9905 
97.9815 
97.9973 
98.0082 
98.0143 
98.0108 
98.0184 
98.0262 
98.0299 
98.0353 
98.0495 
98.0574 
98.0494 
98.0576 
98.063 
98.0697 
98.0622 
98.0805 
98.0968 
98.0925 
98.0985 
98.1032 
98.1119 
98.1137 
98.1253 
98.1316 
98.1265 
98.1241 
98.1356 
98.1403 
98.1405 
98.1477 
98.1605 
98.1771 
98.1819 
98.1886 
98.1999 
98.2197 
98.2083 
98.2077 
98.2153 
98.2062 
98.2094 
98.2264 
98.2334 
98.2387 
98.2478 
98.2691 
98.2732 
98.2778 
98.2787 
98.2791 
98.2813 
98.2848 
98.2948 
98.3122 
98.3233 
98.3214 
98.3242 
98.3341 
98.3468 
98.3431 
98.3643 
98.379 
98.3886 
98.3977 
98.3978 
98.4008 
98.4163 
98.4263 
98.44 
98.4449 
98.4494 
98.4582 
98.4597 
98.4634 
98.4513 
98.4557 
98.4645 
98.4756 
98.4849 
98.4953 
98.4926 
98.5023 
98.5102 
98.5047 
98.5095 
98.5214 
98.5235 
98.5046 
98.5107 
98.5223 
98.5244 
98.5339 
98.5451 
98.5414 
98.5395 
98.5425 
98.5447 
98.5505 
98.5505 
98.5486 
98.5659 
98.5748 
98.5848 
98.5865 
98.5969 
98.614 
98.611 
98.6138 
98.6214 
98.625 
98.6276 
98.6345 
98.6405 
98.6392 
98.641 
98.6488 
98.6501 
98.6572 
98.6692 
98.6793 
98.687 
98.6864 
98.6855 
98.6898 
98.6852 
98.6839 
98.6919 
98.6908 
98.7072 
98.7155 
98.7174 
98.7346 
98.7495 
98.7617 
98.7815 
98.7833 
98.7902 
98.7932 
98.7989 
98.8077 
98.8114 
98.8051 
98.8218 
98.8355 
98.836 
98.8281 
98.8308 
98.8378 
98.8372 
98.844 
98.8486 
98.8446 
98.8498 
98.8596 
98.8808 
98.8929 
98.9097 
98.9058 
98.9041 
98.9224 
98.9329 
98.9271 
98.9429 
98.9475 
98.9524 
98.9436 
98.9449 
98.9407 
98.9437 
98.9442 
98.9455 
98.9431 
98.9429 
98.955 
98.9495 
98.9595 
98.9669 
98.9788 
98.9797 
98.9921 
99.0043 
99.0135 
99.0106 
99.0095 
99.0079 
99.0077 
99.0091 
99.0073 
99.0059 
99.0052 
99.0117 
99.0213 
99.0388 
99.0456 
99.0533 
99.0556 
99.0508 
99.056 
99.0378 
99.0435 
99.0398 
99.0518 
99.0554 
99.078 
99.0827 
99.0799 
99.0839 
99.0873 
99.103 
99.1094 
99.1098 
99.11 
99.104 
99.1151 
99.1181 
99.1213 
99.123 
99.1214 
99.1274 
99.1282 
99.1339 
99.1345 
99.1325 
99.1323 
99.1324 
99.1455 
99.1474 
99.1532 
99.1767 
99.1776 
99.1871 
99.1979 
99.2172 
99.2234 
99.2316 
99.2314 
99.2307 
99.2254 
99.2317 
99.2361 
99.2306 
99.2274 
99.2312 
99.2445 
99.2494 
99.2647 
99.271 
99.2771 
99.2768 
99.2835 
99.287 
99.2913 
99.2993 
99.2983 
99.2999 
99.3043 
99.325 
99.3255 
99.3299 
99.3395 
99.3488 
99.3572 
99.3657 
99.3711 
99.3687 
99.3663 
99.3802 
99.3876 
99.3951 
99.3926 
99.3995 
99.4083 
99.4232 
99.4251 
99.4278 
99.4284 
99.431 
99.4336 
99.4381 
99.4286 
99.4269 
99.4402 
99.4357 
99.4396 
99.4447 
99.4591 
99.4693 
99.4811 
99.4729 
99.4671 
99.4636 
99.4767 
99.4832 
99.4875 
99.4946 
99.5053 
99.4955 
99.5038 
99.5083 
99.5226 
99.527 
99.541 
99.5581 
99.572 
99.5678 
99.5815 
99.5817 
99.5753 
99.5767 
99.5828 
99.5869 
99.5824 
99.5917 
99.6155 
99.6219 
99.6273 
99.639 
99.6412 
99.6603 
99.6621 
99.6643 
99.6715 
99.6587 
99.6522 
99.6598 
99.663 
99.6703 
99.6755 
99.6724 
99.661 
99.6682 
99.6789 
99.6874 
99.6954 
99.7022 
99.6982 
99.7046 
99.6993 
99.7102 
99.7178 
99.7229 
99.74 
99.7365 
99.747 
99.7521 
99.7561 
99.7624 
99.7674 
99.7745 
99.7779 
99.7848 
99.7855 
99.7888 
99.787 
99.7923 
99.7964 
99.7934 
99.8033 
99.8063 
99.7976 
99.7976 
99.8016 
99.8007 
99.8128 
99.8161 
99.8268 
99.8312 
99.8381 
99.8528 
99.8508 
99.8559 
99.8622 
99.8617 
