1 
6 
16 
26 
32 
34 
37 
41 
52 
61 
56 
43 
42 
52 
54 
50 
48 
47 
37 
30 
34 
38 
38 
33 
33 
37 
37 
51 
62 
72 
71 
62 
64 
81 
106 
111 
115 
133 
167 
218 
259 
263 
262 
259 
268 
276 
272 
288 
317 
307 
273 
314 
356 
342 
320 
329 
334 
321 
291 
251 
242 
260 
273 
242 
184 
152 
142 
140 
150 
154 
138 
121 
138 
180 
231 
277 
295 
274 
236 
239 
277 
333 
385 
458 
512 
537 
620 
690 
729 
760 
789 
808 
786 
755 
793 
819 
813 
883 
1043 
1149 
1135 
1165 
1169 
1178 
1196 
1196 
1289 
1404 
1509 
1632 
1651 
1588 
1538 
1527 
1542 
1611 
1610 
1651 
1874 
2037 
2078 
2030 
2042 
2073 
2154 
2330 
2370 
2511 
2674 
2739 
2902 
3051 
3181 
3365 
3412 
3389 
3480 
3647 
3759 
3747 
3744 
3892 
4078 
4256 
4373 
4470 
4722 
4919 
4941 
4950 
5224 
5628 
5896 
6135 
6393 
6711 
6899 
6995 
7107 
7237 
7355 
7494 
7689 
7937 
8212 
8528 
8606 
8647 
8848 
8974 
9154 
9426 
9875 
10246 
10376 
10723 
11252 
11832 
12250 
12534 
12987 
13510 
13911 
14104 
14314 
14670 
14947 
15329 
15962 
16595 
17107 
17805 
18693 
19535 
19953 
20381 
21228 
21939 
22320 
22918 
23963 
24788 
25138 
25419 
25872 
26572 
27043 
27464 
28183 
29168 
30249 
31111 
32050 
33411 
34353 
35338 
35875 
36009 
36635 
37703 
38925 
39970 
41036 
42132 
43129 
44054 
45119 
46214 
47466 
48555 
49277 
50154 
50643 
51102 
52208 
53863 
55216 
56636 
58130 
59877 
61695 
62947 
64271 
65946 
67284 
68383 
69859 
71421 
72911 
74240 
75760 
77647 
79497 
81707 
84023 
85550 
86174 
87380 
89294 
90867 
92118 
94298 
96172 
97880 
100399 
103048 
105107 
106697 
108161 
110216 
112776 
114728 
116979 
120100 
122342 
124255 
126135 
128315 
130513 
133023 
135439 
138054 
140702 
143607 
147313 
150443 
153020 
156558 
160765 
164409 
167234 
169341 
172361 
176966 
181477 
185102 
188649 
192019 
194726 
197645 
200836 
204730 
207956 
211092 
214946 
219199 
223673 
227750 
231806 
236492 
240846 
245580 
251527 
257772 
262482 
267432 
273234 
278639 
282935 
287271 
292890 
298448 
303313 
307323 
311660 
317746 
323743 
329759 
335758 
341906 
348184 
353536 
357855 
362233 
367455 
374407 
380988 
386466 
391801 
397935 
405274 
411725 
417454 
423882 
430178 
435200 
440841 
447673 
452965 
458962 
466718 
474728 
481293 
488288 
496817 
505926 
513633 
520800 
529073 
538630 
548044 
555849 
563597 
572211 
581153 
589515 
595942 
603617 
613238 
622194 
631180 
641093 
650140 
658488 
668149 
678369 
687393 
696498 
706114 
716214 
723978 
732154 
741996 
751269 
760642 
768556 
776070 
786387 
797317 
795473 
794244 
784643 
775179 
766230 
755785 
745716 
735432 
725151 
713935 
703446 
694807 
685735 
677292 
669186 
659268 
650437 
644433 
637950 
629110 
620497 
611244 
601413 
590707 
579952 
571594 
564434 
556350 
547737 
540699 
534545 
528188 
520552 
512628 
505228 
498411 
491407 
483027 
475074 
467552 
460254 
453077 
446008 
438919 
433390 
427815 
421095 
413487 
405652 
398671 
393214 
387538 
382083 
376565 
370427 
364490 
358111 
351744 
347154 
342619 
336735 
331507 
327346 
322875 
317814 
310926 
304437 
298831 
293158 
287327 
281756 
277135 
272534 
267769 
262984 
257417 
251882 
246988 
242224 
237161 
233061 
229722 
226106 
221982 
218041 
214142 
210522 
207862 
205000 
201046 
197451 
194012 
191237 
188709 
184867 
180244 
176357 
172580 
168246 
165010 
162527 
159088 
155984 
153545 
150261 
146026 
142972 
140515 
137657 
134818 
132414 
129850 
127267 
124638 
120881 
116810 
113992 
112037 
109756 
107257 
105332 
103405 
101135 
98704 
96744 
95201 
93363 
91590 
89836 
87741 
85660 
83028 
81174 
79993 
78204 
76239 
74361 
72928 
71983 
70613 
68659 
66993 
65880 
64454 
63128 
61594 
59938 
58601 
57135 
55576 
54464 
53403 
51973 
50815 
50090 
49300 
48674 
47667 
46701 
46099 
45143 
43885 
42826 
41656 
40433 
39603 
38902 
37643 
36771 
36212 
35427 
35010 
34665 
34071 
33354 
32702 
32448 
32054 
31539 
30874 
30112 
29646 
29094 
28511 
27893 
26886 
25856 
25309 
24843 
24279 
23883 
23009 
22048 
21207 
20297 
19771 
19578 
19370 
18956 
18232 
17711 
17233 
16846 
16461 
15843 
15493 
15186 
14831 
14526 
14223 
14014 
13747 
13488 
13226 
13007 
12898 
12772 
12365 
11857 
11377 
10976 
10662 
10178 
9825 
9554 
9144 
8989 
8844 
8475 
8085 
7854 
7751 
7605 
7401 
7308 
7196 
7058 
6753 
6512 
6374 
6234 
6191 
6066 
5858 
5641 
5469 
5385 
5295 
5190 
4976 
4771 
4671 
4556 
4441 
4368 
4162 
3985 
3787 
3515 
3429 
3395 
3321 
3199 
3044 
2845 
2636 
2413 
2133 
1988 
1892 
1760 
1631 
1558 
1562 
1630 
1663 
1550 
1506 
1476 
1433 
1456 
1449 
1420 
1401 
1331 
1239 
1157 
1093 
1048 
988 
992 
1008 
959 
890 
873 
848 
813 
774 
746 
751 
804 
814 
698 
633 
632 
584 
559 
574 
578 
517 
434 
399 
398 
344 
290 
285 
269 
283 
319 
328 
320 
290 
285 
304 
290 
263 
258 
247 
239 
236 
226 
227 
217 
202 
225 
235 
219 
221 
202 
169 
143 
115 
115 
113 
87 
74 
79 
84 
101 
105 
98 
115 
130 
139 
131 
109 
104 
124 
156 
167 
165 
140 
109 
109 
121 
117 
107 
109 
100 
78 
56 
52 
66 
80 
92 
102 
96 
78 
69 
68 
68 
60 
47 
37 
32 
30 
27 
27 
30 
33 
30 
21 
17 
20 
15 
6 
8 
14 
17 
12 
4 
1 
1.40385 
1.7193 
1.98917 
2.21414 
2.42479 
2.62618 
2.8338 
2.99773 
3.16398 
3.31361 
3.44662 
3.58486 
3.69838 
3.82894 
3.96555 
4.06517 
4.18478 
4.30302 
4.41611 
4.52239 
4.63128 
4.72373 
4.84805 
4.94174 
5.04004 
5.1384 
5.23683 
5.32691 
5.40855 
5.4956 
5.58111 
5.67577 
5.76632 
5.85382 
5.93407 
6.0002 
6.07144 
6.14928 
6.2255 
6.31531 
6.37536 
6.44342 
6.52684 
6.5923 
6.65754 
6.72863 
6.7851 
6.86265 
6.94127 
6.99846 
7.07271 
7.13375 
7.2025 
7.26928 
7.36885 
7.44059 
7.48155 
7.5292 
7.58377 
7.64958 
7.7109 
7.77838 
7.84969 
7.92177 
7.98729 
8.04209 
8.08567 
8.14386 
8.20917 
8.26811 
8.3424 
8.3929 
8.449 
8.51399 
8.57699 
8.64602 
8.69211 
8.73618 
8.8032 
8.85072 
8.8938 
8.95008 
8.99809 
9.06029 
9.11743 
9.17941 
9.23814 
9.29081 
9.35282 
9.39528 
9.43631 
9.4716 
9.51409 
9.56573 
9.61432 
9.65393 
9.71376 
9.76467 
9.81688 
9.89291 
9.93422 
9.98647 
10.0237 
10.0638 
10.1315 
10.1802 
10.2283 
10.2799 
10.3352 
10.3857 
10.4252 
10.4701 
10.521 
10.5704 
10.6298 
10.6471 
10.6951 
10.7469 
10.7811 
10.8441 
10.8786 
10.928 
10.9628 
11.0123 
11.0718 
11.1321 
11.1758 
11.2101 
11.2472 
11.3106 
11.3607 
11.3981 
11.4384 
11.481 
11.5169 
11.5402 
11.575 
11.5989 
11.6394 
11.6939 
11.7332 
11.7744 
11.8111 
11.859 
11.9087 
11.9513 
11.9918 
12.0215 
12.0628 
12.1094 
12.1402 
12.1761 
12.2396 
12.2694 
12.3114 
12.3508 
12.3985 
12.4296 
12.456 
12.4779 
12.5183 
12.5553 
12.5898 
12.6372 
12.6777 
12.7334 
12.7547 
12.7907 
12.8371 
12.8821 
12.9221 
12.9533 
12.9891 
13.0192 
13.0696 
13.1021 
13.1563 
13.1911 
13.2135 
13.2446 
13.2765 
13.3357 
13.3646 
13.3996 
13.4451 
13.4836 
13.5187 
13.5582 
13.5863 
13.6196 
13.669 
13.6935 
13.7123 
13.7447 
13.7673 
13.8047 
13.8455 
13.8871 
13.9247 
13.9611 
13.9985 
14.0463 
14.0866 
14.1204 
14.1429 
14.1761 
14.2109 
14.2214 
14.2591 
14.2896 
14.3306 
14.3682 
14.4128 
14.4604 
14.4957 
14.5323 
14.5501 
14.5803 
14.6183 
14.6542 
14.6937 
14.7178 
14.7539 
14.7921 
14.8333 
14.8788 
14.9107 
14.9658 
14.9992 
15.0187 
15.0433 
15.0716 
15.1193 
15.1594 
15.1939 
15.2362 
15.276 
15.3113 
15.335 
15.3514 
15.4024 
15.4306 
15.493 
15.5317 
15.5547 
15.5886 
15.6382 
15.6804 
15.7244 
15.7473 
15.7833 
15.81 
15.8401 
15.8506 
15.8738 
15.9157 
15.957 
15.9881 
16.0145 
16.049 
16.0812 
16.1233 
16.1625 
16.2136 
16.2528 
16.2952 
16.3235 
16.3543 
16.399 
16.4301 
16.4661 
16.4972 
16.5408 
16.554 
16.5884 
16.6192 
16.6414 
16.6612 
16.7011 
16.7323 
16.7621 
16.796 
16.8471 
16.8746 
16.8927 
16.923 
16.9262 
16.9612 
17.0162 
17.0358 
17.0588 
17.0786 
17.1084 
17.1331 
17.1595 
17.2078 
17.2439 
17.2568 
17.2852 
17.3109 
17.3432 
17.3701 
17.4037 
17.4259 
17.4434 
17.4693 
17.5095 
17.541 
17.5751 
17.6102 
17.6168 
17.6375 
17.6645 
17.7 
17.74 
17.7864 
17.8129 
17.8404 
17.8711 
17.9033 
17.9318 
17.9653 
17.9821 
18.014 
18.0381 
18.0708 
18.0958 
18.127 
18.1508 
18.1686 
18.1725 
18.1934 
18.2221 
18.2506 
18.2645 
18.2927 
18.3282 
18.3659 
18.3856 
18.4109 
18.4356 
18.4623 
18.4994 
18.5016 
18.5332 
18.5506 
18.5733 
18.5907 
18.5981 
18.6365 
18.6534 
18.6783 
18.692 
18.7296 
18.7437 
18.7817 
18.7929 
18.8292 
18.8676 
18.8901 
18.9077 
18.929 
18.9681 
19.0088 
19.0344 
19.0733 
19.0983 
19.1229 
19.1637 
19.1979 
19.2112 
19.2381 
19.2449 
19.2664 
19.2867 
19.3152 
19.33 
19.3577 
19.3733 
19.3958 
19.436 
19.4619 
19.471 
19.5106 
19.5452 
19.5631 
19.6052 
19.6324 
19.6565 
19.6743 
19.7015 
19.7227 
19.752 
19.7911 
19.8181 
19.8569 
19.8716 
19.89 
19.9116 
19.9374 
19.981 
20.0062 
20.0308 
20.038 
20.0645 
20.0831 
20.1225 
20.1487 
20.172 
20.1945 
20.2263 
20.2421 
20.2822 
20.3131 
20.3434 
20.3744 
20.4106 
20.4267 
20.4755 
20.4993 
20.5166 
20.5541 
20.5798 
20.6091 
20.6268 
20.6398 
20.6623 
20.6757 
20.7075 
20.7376 
20.7606 
20.776 
20.8004 
20.8352 
20.8663 
20.9059 
20.9292 
20.9411 
20.9656 
20.9966 
21.0201 
21.051 
21.0678 
21.1047 
21.1222 
21.1512 
21.1762 
21.1949 
21.2152 
21.2378 
21.2591 
21.2787 
21.3089 
21.3159 
21.3465 
21.3799 
21.4049 
21.4104 
21.4214 
21.4463 
21.4501 
21.4724 
21.4852 
21.5021 
21.5008 
21.5174 
21.5441 
21.5681 
21.5909 
21.6024 
21.6434 
21.682 
21.7126 
21.7553 
21.7732 
21.7951 
21.8334 
21.8569 
21.8666 
21.8719 
21.8918 
21.9074 
21.9164 
21.9492 
21.965 
21.9844 
22.0059 
22.0463 
22.0672 
22.087 
22.1005 
22.1163 
22.1377 
22.1511 
22.1595 
22.1584 
22.1749 
22.2142 
22.2396 
22.2643 
22.2916 
22.3222 
22.3631 
22.3833 
22.4141 
22.4638 
22.4829 
22.5035 
22.524 
22.5385 
22.5461 
22.5616 
22.5858 
22.5998 
22.6234 
22.6378 
22.6802 
22.6997 
22.7138 
22.736 
22.7506 
22.7708 
22.8058 
22.816 
22.8188 
22.8303 
22.8603 
22.8789 
22.9014 
22.9225 
22.9457 
22.9674 
22.9917 
23.0011 
23.0215 
23.0361 
23.059 
23.0861 
23.1318 
23.1613 
23.1804 
23.2212 
23.2467 
23.2569 
23.2727 
23.2802 
23.2979 
23.3262 
23.3375 
23.3563 
23.3785 
23.4057 
23.4239 
23.4532 
23.4697 
23.4899 
23.511 
23.5474 
23.5626 
23.5659 
23.5729 
23.5849 
23.6116 
23.6367 
23.6639 
23.6907 
23.7044 
23.7212 
23.747 
23.7565 
23.76 
23.7974 
23.8184 
23.8496 
23.8921 
23.9 
23.9188 
23.9515 
23.9873 
24.0118 
24.0281 
24.0237 
24.0592 
24.1103 
24.1286 
24.1531 
24.1752 
24.1956 
24.2178 
24.239 
24.2875 
24.3143 
24.3347 
24.3461 
24.3686 
24.4073 
24.4382 
24.4567 
24.4985 
24.4999 
24.529 
24.5626 
24.6096 
24.6066 
24.6249 
24.6509 
24.6788 
24.6949 
24.727 
24.7429 
24.7619 
24.7793 
24.8149 
24.8411 
24.8643 
24.8866 
24.9054 
24.9326 
24.9422 
24.9615 
24.9777 
25.0028 
25.016 
25.0363 
25.0598 
25.0848 
25.0905 
25.0994 
25.1231 
25.1386 
25.1595 
25.1853 
25.2081 
25.2206 
25.2352 
25.2584 
25.2884 
25.309 
25.3468 
25.3598 
25.3897 
25.427 
25.4535 
25.4849 
25.5097 
25.5437 
25.5657 
25.5897 
25.6121 
25.6308 
25.647 
25.6815 
25.6863 
25.7209 
25.7444 
25.7779 
25.801 
25.8263 
25.8547 
25.8588 
25.8898 
25.9041 
25.919 
25.9541 
25.9799 
26.004 
26.0061 
25.9974 
26.0144 
26.0409 
26.0662 
26.0787 
26.1005 
26.1146 
26.1405 
26.1602 
26.1772 
26.1893 
26.2077 
26.2279 
26.2479 
26.2817 
26.3041 
26.3116 
26.3284 
26.3324 
26.3533 
26.3671 
26.3863 
26.4074 
26.4285 
26.4494 
26.4672 
26.4796 
26.516 
26.5152 
26.5446 
26.5695 
26.5567 
26.5717 
26.5838 
26.6025 
26.6083 
26.6416 
26.6634 
26.6809 
26.7091 
26.7292 
26.7468 
26.7726 
26.7969 
26.8262 
26.8299 
26.862 
26.8812 
26.909 
26.9361 
26.9507 
26.9508 
26.9672 
26.9852 
26.9876 
27.0152 
27.0271 
27.0452 
27.0644 
27.0912 
27.1074 
27.1173 
27.1512 
27.1594 
27.1877 
27.1959 
27.2381 
27.2573 
27.2626 
27.2879 
27.3066 
27.3286 
27.3547 
27.3655 
27.3824 
27.4026 
27.4246 
27.4326 
27.4414 
27.4483 
27.4689 
27.498 
27.5019 
27.525 
27.5429 
27.5684 
27.5669 
27.5855 
27.6305 
27.6509 
27.6864 
27.729 
27.7472 
27.77 
27.7701 
27.8011 
27.8182 
27.8338 
27.859 
27.8792 
27.8839 
27.9128 
27.9147 
27.9263 
27.9425 
27.9637 
27.9681 
27.9885 
28.0033 
28.012 
28.0143 
28.0346 
28.0465 
28.0581 
28.0766 
28.1024 
28.1273 
28.1379 
28.1616 
28.172 
28.1828 
28.1871 
28.1976 
28.2154 
28.2133 
28.2372 
28.258 
28.2672 
28.2905 
28.3162 
28.3298 
28.3603 
28.372 
28.4028 
28.4308 
28.4593 
28.4849 
28.5117 
28.5334 
28.5492 
28.5536 
28.5683 
28.595 
28.6164 
28.6275 
28.6362 
28.6436 
28.6709 
28.6935 
28.7104 
28.7244 
28.7363 
28.7444 
28.7445 
28.7609 
28.7916 
28.791 
28.8118 
28.8339 
28.8489 
28.8562 
28.8629 
28.8887 
28.891 
28.9167 
28.9254 
28.9233 
28.93 
28.9392 
28.9669 
28.9974 
29.02 
29.0428 
29.0666 
29.0827 
29.1029 
29.0996 
29.1311 
29.1416 
29.1578 
29.1645 
29.1698 
29.1766 
29.194 
29.2214 
29.2398 
29.2424 
29.2651 
29.2702 
29.2765 
29.3022 
29.3091 
29.311 
29.311 
29.3145 
29.34 
29.3512 
29.3636 
29.3813 
29.3759 
29.393 
29.4052 
29.4181 
29.4417 
29.4516 
29.4819 
29.4933 
29.4998 
29.5398 
29.5539 
29.5641 
29.587 
29.6246 
29.6341 
29.6396 
29.6656 
29.6803 
29.6945 
29.7093 
29.7181 
29.7297 
29.7574 
29.7759 
29.8078 
29.829 
29.8611 
29.8927 
29.9035 
29.9048 
29.9325 
29.9572 
29.965 
29.9819 
30.0128 
30.0321 
30.0664 
30.0669 
30.081 
30.1122 
30.106 
30.1271 
30.1584 
30.1743 
30.2026 
30.2222 
30.2397 
30.2563 
30.2709 
30.28 
30.2988 
30.3159 
30.2955 
30.3079 
30.3251 
30.3398 
30.3755 
30.4031 
30.4177 
30.4517 
30.4797 
30.4769 
30.5081 
30.5101 
30.5343 
30.5522 
30.5597 
30.5725 
30.5952 
30.6002 
30.6171 
30.6376 
30.6508 
30.6928 
30.7093 
30.7243 
30.7254 
30.7387 
30.7593 
30.7622 
30.7869 
30.8 
30.8118 
30.8329 
30.8525 
30.8659 
30.8824 
30.8987 
30.9186 
30.9438 
30.9614 
30.9795 
30.9878 
31.0022 
31.0136 
31.0327 
31.0663 
31.0847 
31.1057 
31.125 
31.1419 
31.1518 
31.1612 
31.1557 
31.1498 
31.1662 
31.1773 
31.1846 
31.1926 
31.2032 
31.234 
31.2375 
31.2473 
31.2652 
31.2895 
31.2937 
31.292 
31.3116 
31.3251 
31.3449 
31.3652 
31.4008 
31.4296 
31.4526 
31.4677 
31.4838 
31.4938 
31.5144 
31.5129 
31.5289 
31.5444 
31.5559 
31.5655 
31.5899 
31.6242 
31.6496 
31.6676 
31.6749 
31.6805 
31.7032 
31.7082 
31.7307 
31.7574 
31.7803 
31.8049 
31.7974 
31.8115 
31.8516 
31.8687 
31.8817 
31.8991 
31.919 
31.932 
31.9524 
31.9643 
31.9751 
31.993 
32.0116 
32.0311 
32.0537 
32.0815 
32.0939 
32.1056 
32.1275 
32.1429 
32.1654 
32.1717 
32.1761 
32.1965 
32.216 
32.2412 
32.2588 
32.2624 
32.2932 
32.3224 
32.3188 
32.3248 
32.3385 
32.3646 
32.3816 
32.4065 
32.4277 
32.4284 
32.4582 
32.4719 
32.4859 
32.4846 
32.4919 
32.5017 
32.5149 
32.5477 
32.5589 
32.5747 
32.5966 
32.6224 
32.6389 
32.6553 
32.6718 
32.7062 
32.7013 
32.7257 
32.7492 
32.7657 
32.7713 
32.7844 
32.8035 
32.84 
32.8539 
32.8762 
32.8844 
32.901 
32.9235 
32.9335 
32.9499 
32.9773 
32.991 
33.0186 
33.041 
33.0487 
33.0754 
33.0877 
33.118 
33.1294 
33.1287 
33.1504 
33.1736 
33.197 
33.2104 
33.2275 
33.2452 
33.2714 
33.2948 
33.3113 
33.3289 
33.3305 
33.3399 
33.3634 
33.3685 
33.3862 
33.4104 
33.4335 
33.4481 
33.4663 
33.4668 
33.4779 
33.4834 
33.5071 
33.5192 
33.5346 
33.5438 
33.5462 
33.5715 
33.5832 
33.5995 
33.6105 
33.6135 
33.6371 
33.6541 
33.674 
33.6742 
33.6843 
33.6914 
33.7006 
33.7024 
33.7115 
33.7176 
33.7246 
33.7512 
33.7694 
33.7806 
33.7892 
33.7967 
33.8146 
33.8128 
33.8349 
33.8415 
33.8675 
33.8955 
33.8976 
33.9132 
33.9441 
33.9377 
33.9534 
33.9693 
33.9918 
34.0147 
34.0203 
34.0263 
34.0398 
34.0535 
34.0536 
34.0847 
34.1009 
34.1284 
34.1345 
34.1319 
34.1563 
34.1546 
34.1645 
34.1839 
34.2033 
34.206 
34.2002 
34.2261 
34.2474 
34.2643 
34.2627 
34.2923 
34.2956 
34.3029 
34.3038 
34.3039 
34.3085 
34.3505 
34.3712 
34.371 
34.3708 
34.3854 
34.4043 
34.422 
34.4419 
34.4657 
34.4743 
34.4927 
34.5118 
34.524 
34.5347 
34.5624 
34.5662 
34.5749 
34.5803 
34.5961 
34.6085 
34.6097 
34.6231 
34.6419 
34.6618 
34.6717 
34.6828 
34.7029 
34.7077 
34.7019 
34.7098 
34.7103 
34.7104 
34.7407 
34.7505 
34.7694 
34.7842 
34.8108 
34.8191 
34.8321 
34.8522 
34.852 
34.8647 
34.8702 
34.8699 
34.8763 
34.8906 
34.9062 
34.9232 
34.9338 
34.9505 
34.9468 
34.9579 
34.9862 
34.9939 
35.0168 
35.0398 
35.0636 
35.076 
35.0876 
35.0992 
35.1052 
35.1035 
35.1244 
35.1335 
35.1474 
35.16 
35.1775 
35.1736 
35.1882 
35.2147 
35.2342 
35.2552 
35.267 
35.2683 
35.2683 
35.2782 
35.3018 
35.3095 
35.3122 
35.3222 
35.3194 
35.3307 
35.34 
35.3571 
35.3652 
35.3749 
35.3956 
35.4073 
35.4251 
35.4182 
35.4217 
35.4518 
35.4437 
35.4628 
35.479 
35.4861 
35.5188 
35.5282 
35.544 
35.5451 
35.5736 
35.5832 
35.5973 
35.6238 
35.634 
35.6531 
35.676 
35.6792 
35.6942 
35.7117 
35.7358 
35.7591 
35.7649 
35.7851 
35.8257 
35.8402 
35.8538 
35.8822 
35.9013 
35.9006 
35.9155 
35.9298 
35.9671 
35.9848 
35.9971 
36.0283 
36.0444 
36.0555 
36.071 
36.0789 
36.0798 
36.095 
36.1176 
36.1437 
36.158 
36.1683 
36.1783 
36.1755 
36.186 
36.1962 
36.2139 
36.2166 
36.2247 
36.2352 
36.2494 
36.2734 
36.2704 
36.2881 
36.2996 
36.3141 
36.3143 
36.3132 
36.3154 
36.3398 
36.363 
36.3728 
36.3821 
36.3819 
36.4015 
36.437 
36.4508 
36.4557 
36.46 
36.4689 
36.4847 
36.499 
36.5104 
36.5374 
36.5672 
36.5658 
36.572 
36.5819 
36.5644 
36.5822 
36.5871 
36.6063 
36.6206 
36.6401 
36.6412 
36.6569 
36.6497 
36.6695 
36.6679 
36.6783 
36.7083 
36.7197 
36.7235 
36.7322 
36.7602 
36.7777 
36.7839 
36.8007 
36.812 
36.8318 
36.8522 
36.8617 
36.8734 
36.9034 
36.9195 
36.9184 
36.9258 
36.9473 
36.9788 
36.9701 
36.9813 
37.0047 
37.0204 
37.0505 
37.0559 
37.0731 
37.1014 
37.1192 
37.1414 
37.1638 
37.1799 
37.1857 
37.1918 
37.2111 
37.2042 
37.2255 
37.2456 
37.2603 
37.2949 
37.3028 
37.3064 
37.3231 
37.3528 
37.3544 
37.3679 
37.3905 
37.4228 
37.4295 
37.4303 
37.4426 
37.4522 
37.4764 
37.4718 
37.4867 
37.4999 
37.5295 
37.5515 
37.5801 
37.5909 
37.5988 
37.6121 
37.6217 
37.6475 
37.6703 
37.6851 
37.6873 
37.6974 
37.7001 
37.7222 
37.732 
37.722 
37.7258 
37.7206 
37.7358 
37.7437 
37.769 
37.7712 
37.7886 
37.7986 
37.81 
37.8329 
37.8522 
37.8659 
37.8854 
37.9092 
37.9173 
37.9383 
37.9533 
37.9691 
37.9753 
37.9831 
37.9877 
38.0069 
38.0466 
38.0595 
38.0681 
38.0725 
38.0935 
38.1178 
38.1322 
38.1286 
38.1491 
38.1825 
38.1904 
38.2093 
38.2028 
38.1973 
38.2001 
38.2121 
38.228 
38.2367 
38.2393 
38.231 
38.2231 
38.2359 
38.2463 
38.2483 
38.2466 
38.2772 
38.2861 
38.2842 
38.2984 
38.3109 
38.3247 
38.3338 
38.3517 
38.375 
38.3774 
38.377 
38.3811 
38.3858 
38.398 
38.4143 
38.4325 
38.449 
38.4504 
38.4442 
38.4554 
38.4723 
38.4772 
38.4825 
38.5017 
38.5112 
38.5171 
38.5253 
38.5428 
38.5666 
38.5891 
38.6003 
38.6296 
38.6346 
38.6572 
38.6771 
38.6861 
38.7046 
38.7212 
38.7256 
38.7398 
38.7573 
38.7581 
38.7617 
38.7712 
38.7838 
38.7928 
38.8104 
38.8191 
38.8375 
38.8588 
38.8612 
38.8666 
38.881 
38.8911 
38.9097 
38.938 
38.948 
38.97 
38.9728 
38.981 
38.9881 
39.0008 
39.0221 
39.0209 
39.0278 
39.0411 
39.0625 
39.072 
39.0846 
39.1143 
39.1267 
39.1238 
39.1334 
39.1406 
39.1596 
39.1588 
39.1612 
39.1824 
39.1978 
39.2157 
39.2369 
39.2545 
39.2662 
39.2747 
39.2884 
39.3025 
39.3204 
39.3405 
39.3375 
39.3297 
39.3284 
39.3398 
39.3506 
39.352 
39.3671 
39.3758 
39.3992 
39.4001 
39.4243 
39.4397 
39.435 
39.4345 
39.4388 
39.4393 
39.4551 
39.4617 
39.468 
39.4905 
39.5049 
39.5335 
39.5407 
39.5738 
39.5879 
39.6058 
39.628 
39.6469 
39.6641 
39.6804 
39.6965 
39.7145 
39.7334 
39.76 
39.763 
39.7836 
39.807 
39.8387 
39.8366 
39.8435 
39.8609 
39.8882 
39.9081 
39.9059 
39.9272 
39.9522 
39.9596 
39.9848 
39.9994 
40.0036 
40.0085 
40.0258 
40.029 
40.0426 
40.0676 
40.068 
40.0666 
40.0757 
40.0759 
40.0893 
40.0952 
40.0912 
40.1033 
40.1164 
40.1362 
40.1694 
40.1751 
40.1809 
40.2064 
40.2258 
40.238 
40.2408 
40.2589 
40.2735 
40.2889 
40.3119 
40.3208 
40.344 
40.354 
40.3511 
40.3706 
40.3898 
40.402 
40.4159 
40.4317 
40.4617 
40.4766 
40.5001 
40.5277 
40.5452 
40.5492 
40.5543 
40.5718 
40.5797 
40.5876 
40.5961 
40.6139 
40.6258 
40.6347 
40.6401 
40.6442 
40.6461 
40.6675 
40.6711 
40.6833 
40.698 
40.7181 
40.7328 
40.73 
40.755 
40.772 
40.7973 
40.8237 
40.8267 
40.8343 
40.8621 
40.8858 
40.8944 
40.8985 
40.8948 
40.9047 
40.9165 
40.915 
40.9218 
40.9316 
40.953 
40.9631 
40.9895 
41.0053 
41.0018 
41.0301 
41.0256 
41.0383 
41.0601 
41.0792 
41.1009 
41.1221 
41.1342 
41.1515 
41.1662 
41.1906 
41.1901 
41.1949 
41.2097 
41.2244 
41.2588 
41.2679 
41.2567 
41.2591 
41.2755 
41.2854 
41.2869 
41.3004 
41.2998 
41.318 
41.3292 
41.3358 
41.3566 
41.3652 
41.3805 
41.3953 
41.3965 
41.3955 
41.4232 
41.4302 
41.4184 
41.4192 
41.426 
41.4233 
41.4427 
41.4421 
41.4563 
41.477 
41.4792 
41.5 
41.5028 
41.5096 
41.5251 
41.5608 
41.5736 
41.5734 
41.559 
41.5707 
41.5759 
41.5946 
41.6087 
41.6051 
41.6183 
41.6432 
41.6606 
41.6669 
41.6939 
41.7157 
41.7213 
41.7239 
41.7297 
41.7309 
41.7377 
41.758 
41.7905 
41.8038 
41.8192 
41.8151 
41.8173 
41.8437 
41.8448 
41.8457 
41.8498 
41.8685 
41.8838 
41.8855 
41.8776 
41.8764 
41.9031 
41.9119 
41.9392 
41.9527 
41.9589 
41.9795 
41.9947 
42.0172 
42.0309 
42.0203 
42.0446 
42.0531 
42.0687 
42.0722 
42.068 
42.0914 
42.0738 
42.0911 
42.0754 
42.0875 
42.1064 
42.1194 
42.1432 
42.1695 
42.1704 
42.2044 
42.2088 
42.2008 
42.2133 
42.2365 
42.2456 
42.2487 
42.2613 
42.2821 
42.293 
42.2973 
42.2872 
42.298 
42.3124 
42.3203 
42.316 
42.3272 
42.3361 
42.3454 
42.3551 
42.3756 
42.3773 
42.3903 
42.4022 
42.4107 
42.4283 
42.4339 
42.4534 
42.4679 
42.4762 
42.4983 
42.5156 
42.5253 
42.5351 
42.5559 
42.5672 
42.5894 
42.5908 
42.5859 
42.5967 
42.6119 
42.619 
42.626 
42.6417 
42.6713 
42.6935 
42.7061 
42.7244 
42.7414 
42.7555 
42.7596 
42.7701 
42.7983 
42.8066 
42.8201 
42.847 
42.8597 
42.8628 
42.8623 
42.8735 
42.8951 
42.9169 
42.9228 
42.9551 
42.9711 
42.9871 
42.9983 
42.996 
43.0201 
43.0228 
43.0307 
43.0505 
43.0646 
43.0957 
43.1128 
43.1173 
43.1308 
43.1427 
43.1727 
43.1973 
43.2264 
43.2297 
43.2301 
43.2334 
43.2321 
43.2389 
43.2495 
43.2465 
43.2514 
43.2556 
43.2747 
43.2812 
43.2987 
43.3133 
43.3282 
43.3422 
43.3335 
43.3357 
43.3476 
43.3623 
43.3849 
43.3877 
43.3975 
43.4021 
43.4165 
43.4424 
43.4425 
43.4448 
43.4579 
43.479 
43.5054 
43.5215 
43.5189 
43.5303 
43.5368 
43.5519 
43.5389 
43.5504 
43.5547 
43.5728 
43.5856 
43.5889 
43.6032 
43.6102 
43.6249 
43.6316 
43.6604 
43.6767 
43.6704 
43.7025 
43.7209 
43.7349 
43.7349 
43.7263 
43.7453 
43.7462 
43.759 
43.7773 
43.7873 
43.8072 
43.8287 
43.8316 
43.853 
43.8664 
43.881 
43.8911 
43.9134 
43.9209 
43.9198 
43.9255 
43.9361 
43.9473 
43.955 
43.9672 
43.9714 
43.9782 
43.9882 
44.0134 
44.0271 
44.0058 
44.0165 
44.0282 
44.0562 
44.0692 
44.0878 
44.1078 
44.1151 
44.1104 
44.1426 
44.1661 
44.1732 
44.1801 
44.1883 
44.2113 
44.2319 
44.2402 
44.2632 
44.2647 
44.2594 
44.2548 
44.2657 
44.2864 
44.3132 
44.3015 
44.31 
44.3142 
44.3006 
44.3069 
44.3069 
44.3191 
44.3352 
44.3455 
44.3381 
44.347 
44.357 
44.3621 
44.3678 
44.3724 
44.3807 
44.3829 
44.3935 
44.3979 
44.419 
44.4178 
44.4419 
44.4593 
44.4503 
44.4648 
44.4807 
44.496 
44.4977 
44.5169 
44.5147 
44.533 
44.5616 
44.5803 
44.599 
44.6083 
44.6296 
44.6453 
44.6534 
44.647 
44.6577 
44.6796 
44.6874 
44.6988 
44.7174 
44.7399 
44.7581 
44.7577 
44.7737 
44.7754 
44.7937 
44.7783 
44.7776 
44.7825 
44.8137 
44.8237 
44.841 
44.8421 
44.834 
44.8451 
44.8657 
44.8669 
44.8809 
44.8976 
44.9183 
44.9229 
44.9314 
44.9449 
44.9532 
44.962 
44.9744 
44.9909 
45.017 
45.0294 
45.0502 
45.0429 
45.0527 
45.0556 
45.0801 
45.0884 
45.0941 
45.1102 
45.1131 
45.1281 
45.1494 
45.1486 
45.1542 
45.1672 
45.1651 
45.171 
45.1676 
45.197 
45.2214 
45.2281 
45.2312 
45.2536 
45.2614 
45.2777 
45.2904 
45.3027 
45.3171 
45.3412 
45.3678 
45.378 
45.408 
45.4122 
45.4127 
45.4087 
45.4211 
45.4299 
45.4396 
45.4605 
45.4667 
45.4686 
45.4632 
45.475 
45.4936 
45.5186 
45.5228 
45.5347 
45.547 
45.5696 
45.5744 
45.5777 
45.5943 
45.5985 
45.6185 
45.6306 
45.6517 
45.6753 
45.6586 
45.6672 
45.6862 
45.6726 
45.6908 
45.6942 
45.7167 
45.735 
45.752 
45.7509 
45.7618 
45.7547 
45.75 
45.7681 
45.7823 
45.8034 
45.819 
45.8462 
45.8618 
45.8835 
45.9108 
45.9206 
45.9291 
45.9417 
45.9587 
45.9589 
45.9791 
45.9927 
46.0018 
46.009 
46.0117 
46.0352 
46.0317 
46.0488 
46.0683 
46.0699 
46.0764 
46.1005 
46.1126 
46.1136 
46.1144 
46.1328 
46.1326 
46.1404 
46.1341 
46.1494 
46.1667 
46.1933 
46.2053 
46.2203 
46.2296 
46.2395 
46.2585 
46.2628 
46.2725 
46.2866 
46.2951 
46.2916 
46.3016 
46.3124 
46.3152 
46.3358 
46.3274 
46.346 
46.3644 
46.3689 
46.3742 
46.3666 
46.3826 
46.3799 
46.4047 
46.4278 
46.4349 
46.4343 
46.4405 
46.4641 
46.4843 
46.496 
46.5072 
46.5135 
46.5312 
46.5498 
46.5758 
46.6122 
46.6343 
46.6343 
46.6572 
46.6622 
46.6758 
46.6677 
46.6679 
46.6616 
46.6684 
46.6767 
46.6767 
46.6875 
46.6962 
46.7127 
46.6901 
46.7113 
46.7092 
46.7222 
46.7404 
46.75 
46.749 
46.7542 
46.7506 
46.7517 
46.7664 
46.7701 
46.7742 
46.7943 
46.8194 
46.8439 
46.8631 
46.8628 
46.8845 
46.8978 
46.9149 
46.9103 
46.9423 
46.9469 
46.9663 
46.9819 
46.9699 
46.9693 
46.9953 
47.0128 
47.0164 
47.0195 
47.0348 
47.0408 
47.0419 
47.0509 
47.0537 
47.0828 
47.0703 
47.0761 
47.0814 
47.0848 
47.096 
47.0923 
47.1052 
47.1053 
47.1333 
47.146 
47.1611 
47.1848 
47.2037 
47.2082 
47.2202 
47.2398 
47.2672 
47.2957 
47.3002 
47.3184 
47.3273 
47.3331 
47.3523 
47.3853 
47.3797 
47.4076 
47.4031 
47.4102 
47.4234 
47.4186 
47.437 
47.4461 
47.4669 
47.4704 
47.4779 
47.4861 
47.5007 
47.5059 
47.5033 
47.5307 
47.5655 
47.5865 
47.5957 
47.5951 
47.6202 
47.6152 
47.6267 
47.6446 
47.6494 
47.6648 
47.6741 
47.673 
47.6859 
47.6878 
47.6842 
47.6917 
47.7091 
47.7253 
47.7436 
47.7529 
47.778 
47.7794 
47.7972 
47.8174 
47.8231 
47.8226 
47.8357 
47.832 
47.858 
47.8668 
47.8691 
47.8876 
47.8964 
47.8981 
47.9184 
47.9358 
47.9501 
47.9516 
47.9633 
47.9606 
47.9817 
47.9901 
47.9938 
48.0165 
48.0151 
48.0146 
48.0326 
48.045 
48.0408 
48.0512 
48.0347 
48.0379 
48.0504 
48.0517 
48.0568 
48.0716 
48.0639 
48.0512 
48.0582 
48.0477 
48.0723 
48.0855 
48.1103 
48.1182 
48.1161 
48.1121 
48.1243 
48.1097 
48.1416 
48.1399 
48.1522 
48.1572 
48.1523 
48.1576 
48.1687 
48.1861 
48.2139 
48.2289 
48.2419 
48.2446 
48.2727 
48.2822 
48.2903 
48.2919 
48.3061 
48.3214 
48.3354 
48.345 
48.3715 
48.3698 
48.3753 
48.3887 
48.4126 
48.4421 
48.4469 
48.442 
48.4408 
48.4513 
48.4543 
48.4606 
48.4762 
48.4894 
48.5031 
48.5144 
48.5229 
48.5213 
48.5312 
48.5316 
48.5285 
48.525 
48.5326 
48.5458 
48.5639 
48.5768 
48.5854 
48.6014 
48.6073 
48.621 
48.6334 
48.6454 
48.6612 
48.6612 
48.675 
48.6977 
48.7022 
48.7204 
48.7362 
48.7403 
48.759 
48.7809 
48.7704 
48.7762 
48.8 
48.8061 
48.8065 
48.7959 
48.7994 
48.8058 
48.8122 
48.8136 
48.8333 
48.8389 
48.8503 
48.8563 
48.8504 
48.865 
48.8718 
48.8822 
48.9131 
48.927 
48.9379 
48.955 
48.9601 
48.9557 
48.986 
48.9955 
48.9979 
49.006 
49.0201 
49.0344 
49.0504 
49.0714 
49.0951 
49.1085 
49.1097 
49.1413 
49.1685 
49.1903 
49.2048 
49.225 
49.2309 
49.2334 
49.2558 
49.2572 
49.253 
49.2804 
49.3106 
49.3043 
49.3182 
49.3289 
49.3193 
49.3399 
49.3537 
49.3971 
49.4008 
49.4148 
49.4106 
49.4213 
49.4419 
49.4464 
49.4436 
49.4462 
49.462 
49.4768 
49.4834 
49.4934 
49.5158 
49.5058 
49.4996 
49.5231 
49.5493 
49.5577 
49.5791 
49.6123 
49.6123 
49.6324 
49.6452 
49.6625 
49.6635 
49.6767 
49.6825 
49.6961 
49.6981 
49.6972 
49.7045 
49.6969 
49.713 
49.7124 
49.7208 
49.7331 
49.7361 
49.7428 
49.7626 
49.7731 
49.7876 
49.7895 
49.8073 
49.8154 
49.826 
49.817 
49.8163 
49.8288 
49.8254 
49.8322 
49.8546 
49.8795 
49.8924 
49.9126 
49.9144 
49.934 
49.9603 
49.9721 
49.9736 
49.9748 
49.976 
49.9853 
49.9906 
50.015 
50.0284 
50.0249 
50.0284 
50.0292 
50.0309 
50.0393 
50.0512 
50.0379 
50.0457 
50.068 
50.0747 
50.0804 
50.0818 
50.0833 
50.0944 
50.0913 
50.1087 
50.1246 
50.1417 
50.1405 
50.1313 
50.1407 
50.1489 
50.1631 
50.1825 
50.1894 
50.1947 
50.1989 
50.2124 
50.224 
50.2212 
50.2144 
50.2269 
50.2511 
50.2596 
50.2751 
50.2785 
50.2959 
50.2928 
50.3121 
50.3316 
50.3387 
50.3424 
50.3442 
50.3357 
50.3668 
50.3761 
50.3948 
50.407 
50.4093 
50.4057 
50.4147 
50.4279 
50.4407 
50.4426 
50.4594 
50.4919 
50.5026 
50.5106 
50.5146 
50.527 
50.5488 
50.559 
50.5544 
50.5616 
50.5764 
50.6107 
50.6418 
50.6629 
50.6601 
50.6568 
50.6682 
50.6845 
50.6859 
50.6942 
50.6934 
50.7101 
50.7207 
50.7505 
50.754 
50.7539 
50.7598 
50.7754 
50.7741 
50.786 
50.815 
50.8194 
50.8386 
50.8619 
50.8585 
50.8596 
50.8697 
50.8904 
50.9039 
50.9015 
50.8984 
50.9078 
50.9101 
50.9257 
50.9383 
50.9394 
50.9604 
50.9677 
50.9975 
51.0149 
51.0274 
51.0453 
51.0657 
51.0805 
51.0958 
51.0934 
51.0942 
51.0958 
51.1193 
51.1295 
51.1406 
51.1592 
51.159 
51.1613 
51.163 
51.1898 
51.1905 
51.1963 
51.2072 
51.2014 
51.1979 
51.2101 
51.2039 
51.2206 
51.216 
51.2187 
51.221 
51.2217 
51.2209 
51.2304 
51.2219 
51.2459 
51.2581 
51.2606 
51.2861 
51.2883 
51.2943 
51.3141 
51.3304 
51.3456 
51.3534 
51.3668 
51.3827 
51.3926 
51.4031 
51.3958 
51.3975 
51.403 
51.4231 
51.4148 
51.415 
51.4153 
51.4165 
51.4307 
51.4451 
51.4413 
51.4457 
51.4404 
51.4499 
51.4538 
51.4612 
51.4758 
51.4835 
51.4889 
51.5054 
51.5303 
51.5324 
51.5505 
51.546 
51.5645 
51.5758 
51.5972 
51.6088 
51.6251 
51.6366 
51.6374 
51.6534 
51.6616 
51.6788 
51.69 
51.6996 
51.7147 
51.7378 
51.7339 
51.7396 
51.7442 
51.7759 
51.7933 
51.8031 
51.8049 
51.8152 
51.8307 
51.845 
51.8541 
51.86 
51.8793 
51.8914 
51.9012 
51.9227 
51.933 
51.931 
51.9422 
51.9466 
51.9509 
51.9584 
51.9794 
51.9884 
51.9938 
52.0063 
52.0203 
52.0322 
52.0446 
52.0537 
52.0736 
52.0664 
52.097 
52.0966 
52.1264 
52.1577 
52.1675 
52.175 
52.1859 
52.2121 
52.2226 
52.2412 
52.2533 
52.2586 
52.2745 
52.2644 
52.274 
52.2797 
52.2987 
52.3208 
52.338 
52.3454 
52.3544 
52.3624 
52.3576 
52.3715 
52.3765 
52.3901 
52.3996 
52.4085 
52.4135 
52.4246 
52.43 
52.4459 
52.4691 
52.4769 
52.4822 
52.5013 
52.5145 
52.5081 
52.5196 
52.5243 
52.5468 
52.5703 
52.5809 
52.5943 
52.5953 
52.5881 
52.6059 
52.6178 
52.6143 
52.6123 
52.6226 
52.6307 
52.6238 
52.6392 
52.6361 
52.6464 
52.6615 
52.6913 
52.6815 
52.6824 
52.6666 
52.6807 
52.6885 
52.6958 
52.7071 
52.7136 
52.746 
52.7626 
52.7669 
52.7727 
52.8095 
52.8116 
52.8489 
52.8555 
52.875 
52.8976 
52.8946 
52.9045 
52.9047 
52.9196 
52.9384 
52.9314 
52.9593 
52.9597 
52.9787 
52.9929 
53.0076 
53.0238 
53.0346 
53.0504 
53.0549 
53.0529 
53.0582 
53.0744 
53.0727 
53.0967 
53.1141 
53.1156 
53.137 
53.1312 
53.1334 
53.1484 
53.1465 
53.1644 
53.1633 
53.1498 
53.147 
53.1573 
53.169 
53.1974 
53.2074 
53.2157 
53.2176 
53.2393 
53.2455 
53.2508 
53.2667 
53.2837 
53.2888 
53.2926 
53.3061 
53.3062 
53.3061 
53.3114 
53.2986 
53.3297 
53.3324 
53.343 
53.3543 
53.3635 
53.3663 
53.372 
53.3863 
53.384 
53.4069 
53.4065 
53.4156 
53.4177 
53.4209 
53.435 
53.4372 
53.462 
53.4736 
53.4739 
53.4833 
53.4995 
53.4927 
53.5158 
53.5407 
53.5493 
53.5658 
53.5954 
53.598 
53.6019 
53.6213 
53.6314 
53.6462 
53.6733 
53.6748 
53.679 
53.6805 
53.6944 
53.7131 
53.7137 
53.7243 
53.7365 
53.7567 
53.7541 
53.7632 
53.781 
53.797 
53.8009 
53.8305 
53.8482 
53.874 
53.8707 
53.8742 
53.8737 
53.8872 
53.8957 
53.9114 
53.9279 
53.9359 
53.9334 
53.9417 
53.9507 
53.9591 
53.9825 
53.9953 
54.0201 
54.0115 
54.0309 
54.0489 
54.0596 
54.0831 
54.0912 
54.1011 
54.1169 
54.1384 
54.1589 
54.1578 
54.1654 
54.1757 
54.1731 
54.1787 
54.1882 
54.2102 
54.2232 
54.2346 
54.2286 
54.2446 
54.2416 
54.2491 
54.2486 
54.2582 
54.2615 
54.27 
54.2827 
54.2992 
54.3112 
54.3073 
54.314 
54.3316 
54.3362 
54.347 
54.3587 
54.3537 
54.3649 
54.3831 
54.3996 
54.4194 
54.4391 
54.4585 
54.4592 
54.4638 
54.4834 
54.5027 
54.5333 
54.5354 
54.5517 
54.5756 
54.5864 
54.603 
54.617 
54.6288 
54.6548 
54.6656 
54.6791 
54.6801 
54.7059 
54.7173 
54.7337 
54.7464 
54.749 
54.7631 
54.7573 
54.7628 
54.7683 
54.7825 
54.7981 
54.8186 
54.8138 
54.8116 
54.8384 
54.842 
54.8594 
54.8629 
54.865 
54.8705 
54.8772 
54.8719 
54.8737 
54.8773 
54.8835 
54.8933 
54.9184 
54.9274 
54.9229 
54.9277 
54.9297 
54.9378 
54.9488 
54.9545 
54.9598 
54.9703 
54.9753 
54.9902 
55.0005 
55.0102 
55.0097 
55.0144 
55.0252 
55.0351 
55.056 
55.0553 
55.0523 
55.06 
55.0622 
55.0787 
55.0753 
55.0874 
55.1068 
55.1138 
55.1149 
55.1168 
55.1307 
55.1385 
55.1511 
55.1474 
55.1493 
55.1602 
55.1771 
55.1945 
55.2005 
55.2115 
55.2196 
55.2315 
55.2361 
55.2509 
55.2713 
55.284 
55.2957 
55.3016 
55.322 
55.3366 
55.3444 
55.3481 
55.3525 
55.369 
55.3852 
55.3957 
55.4056 
55.4217 
55.4332 
55.4476 
55.4533 
55.4598 
55.4675 
55.4794 
55.4903 
55.4964 
55.4885 
55.4878 
55.494 
55.5085 
55.5282 
55.5387 
55.5367 
55.55 
55.5516 
55.5623 
55.572 
55.5682 
55.582 
55.5918 
55.5976 
55.6235 
55.6244 
55.6262 
55.6378 
55.6385 
55.6607 
55.6554 
55.676 
55.6937 
55.7119 
55.7288 
55.7281 
55.7504 
55.7568 
55.7608 
55.765 
55.7704 
55.7793 
55.7818 
55.7791 
55.7882 
55.782 
55.8017 
55.7958 
55.799 
55.8025 
55.8169 
55.8176 
55.8262 
55.8456 
55.8418 
55.8666 
55.9022 
55.9021 
55.9009 
55.8936 
55.9134 
55.913 
55.9103 
55.9105 
55.9241 
55.9329 
55.9186 
55.9347 
55.924 
55.9405 
55.9413 
55.9476 
55.9537 
55.9736 
55.9935 
55.9854 
55.9966 
56.0045 
56.0018 
56.0106 
56.0062 
56.0011 
56.0113 
56.0193 
56.0279 
56.0372 
56.0503 
56.0634 
56.0758 
56.0755 
56.0988 
56.1025 
56.1042 
56.1123 
56.1199 
56.1269 
56.1459 
56.1473 
56.154 
56.176 
56.1807 
56.1837 
56.2042 
56.203 
56.1962 
56.1962 
56.1943 
56.2022 
56.2105 
56.2381 
56.2416 
56.2724 
56.2804 
56.2795 
56.2802 
56.2857 
56.2986 
56.3163 
56.3132 
56.3311 
56.331 
56.3469 
56.3603 
56.374 
56.384 
56.3759 
56.3999 
56.4254 
56.4261 
56.4171 
56.4162 
56.4231 
56.4127 
56.4186 
56.4165 
56.4106 
56.4263 
56.4282 
56.4458 
56.4647 
56.4755 
56.4904 
56.4938 
56.5076 
56.5122 
56.5214 
56.5399 
56.556 
56.5719 
56.5777 
56.5771 
56.584 
56.5857 
56.5851 
56.6092 
56.6157 
56.6374 
56.6353 
56.6527 
56.6548 
56.6566 
56.661 
56.6827 
56.698 
56.7029 
56.7111 
56.7145 
56.7163 
56.7524 
56.7612 
56.7851 
56.7825 
56.7955 
56.7918 
56.7921 
56.8095 
56.8215 
56.8368 
56.8433 
56.8676 
56.8606 
56.874 
56.8647 
56.8636 
56.882 
56.893 
56.9365 
56.9452 
56.9386 
56.9539 
56.9587 
56.965 
56.9683 
56.9736 
56.987 
57.0164 
57.0212 
57.0297 
57.0428 
57.0548 
57.0697 
57.0742 
57.0912 
57.0962 
57.1038 
57.1242 
57.1124 
57.1171 
57.1183 
57.1299 
57.1421 
57.1699 
57.1936 
57.1909 
57.1904 
57.2041 
57.2233 
57.2263 
57.2398 
57.2405 
57.2516 
57.2834 
57.2899 
57.2973 
57.3134 
57.3324 
57.3297 
57.3333 
57.3592 
57.3715 
57.3934 
57.4178 
57.4381 
57.4389 
57.4453 
57.4455 
57.4475 
57.4608 
57.4733 
57.4646 
57.479 
57.4843 
57.4934 
57.5228 
57.5425 
57.5391 
57.563 
57.5536 
57.5683 
57.5585 
57.5631 
57.564 
57.5675 
57.5678 
57.5623 
57.5683 
57.5825 
57.6076 
57.6328 
57.6481 
57.6607 
57.676 
57.6964 
57.7163 
57.7168 
57.7231 
57.7486 
57.7478 
57.7504 
57.7581 
57.7749 
57.7806 
57.8012 
57.835 
57.8356 
57.8413 
57.8421 
57.8587 
57.8755 
57.8892 
57.8676 
57.8861 
57.9028 
57.9102 
57.9228 
57.9005 
57.8964 
57.9135 
57.9238 
57.9331 
57.9519 
57.9487 
57.9606 
57.9709 
57.974 
57.9705 
57.9676 
57.9766 
58.001 
57.997 
58.0024 
58.0095 
58.012 
58.0233 
58.0206 
58.0187 
58.0351 
58.0561 
58.0733 
58.0706 
58.0742 
58.0737 
58.1026 
58.1028 
58.1102 
58.1235 
58.1237 
58.1264 
58.131 
58.1442 
58.163 
58.1827 
58.1717 
58.1825 
58.1728 
58.1858 
58.1821 
58.181 
58.1929 
58.2052 
58.2117 
58.2085 
58.2196 
58.2227 
58.2209 
58.2405 
58.2488 
58.2409 
58.2415 
58.248 
58.2705 
58.2797 
58.2899 
58.2931 
58.3259 
58.3496 
58.3589 
58.3632 
58.3815 
58.4009 
58.4193 
58.4369 
58.4539 
58.4497 
58.4601 
58.477 
58.483 
58.5132 
58.5303 
58.5369 
58.5443 
58.5634 
58.5497 
58.5579 
58.581 
58.5818 
58.5959 
58.5985 
58.6082 
58.6414 
58.6498 
58.6547 
58.646 
58.6547 
58.6529 
58.6633 
58.6704 
58.6733 
58.6828 
58.7027 
58.7047 
58.7254 
58.7572 
58.7695 
58.7884 
58.786 
58.7862 
58.7999 
58.803 
58.8035 
58.8061 
58.8087 
58.8377 
58.8325 
58.841 
58.8662 
58.8831 
58.9073 
58.9094 
58.9141 
58.9394 
58.9503 
58.947 
58.9398 
58.9414 
58.9454 
58.9608 
58.9742 
58.979 
58.9872 
58.9878 
58.9787 
58.9746 
59.0033 
59.0274 
59.0264 
59.0208 
59.0372 
59.0518 
59.0663 
59.0515 
59.0472 
59.0688 
59.0831 
59.0843 
59.0941 
59.0916 
59.1114 
59.1236 
59.1202 
59.1225 
59.131 
59.1234 
59.1246 
59.1274 
59.1263 
59.1455 
59.1408 
59.1457 
59.1501 
59.1597 
59.1426 
59.1571 
59.152 
59.172 
59.1842 
59.1987 
59.2164 
59.2248 
59.2158 
59.2049 
59.2038 
59.197 
59.2049 
59.2035 
59.2157 
59.2105 
59.2225 
59.2415 
59.2448 
59.2523 
59.2534 
59.2579 
59.2579 
59.2556 
59.2522 
59.2508 
59.2639 
59.2768 
59.2785 
59.2893 
59.2954 
59.3097 
59.3239 
59.3318 
59.3389 
59.3544 
59.3634 
59.362 
59.3753 
59.3895 
59.412 
59.4252 
59.459 
59.4559 
59.4573 
59.4405 
59.4385 
59.445 
59.4568 
59.4621 
59.4845 
59.4736 
59.4884 
59.5044 
59.5148 
59.548 
59.5514 
59.5414 
59.5471 
59.5681 
59.5896 
59.5959 
59.5967 
59.6036 
59.5988 
59.6045 
59.6118 
59.6398 
59.6458 
59.6587 
59.6757 
59.6766 
59.6882 
59.7039 
59.7227 
59.7236 
59.7292 
59.7353 
59.7391 
59.7342 
59.7523 
59.7688 
59.7929 
59.7998 
59.8013 
59.8069 
59.7969 
59.828 
59.8231 
59.8384 
59.8405 
59.8586 
59.8707 
59.8986 
59.9196 
59.9245 
59.9307 
59.9437 
59.9478 
59.9484 
59.956 
59.9507 
59.9782 
59.9985 
60.0166 
60.0235 
60.0185 
60.0227 
60.0293 
60.0324 
60.0599 
60.0685 
60.0764 
60.0782 
60.1077 
60.0959 
60.1134 
60.1185 
60.1356 
60.1441 
60.1504 
60.1699 
60.1769 
60.1815 
60.1833 
60.1843 
60.2022 
60.2135 
60.2255 
60.2519 
60.279 
60.2877 
60.2949 
60.3133 
60.3164 
60.3272 
60.3297 
60.3277 
60.3251 
60.3447 
60.3565 
60.3718 
60.3812 
60.4101 
60.4066 
60.4268 
60.4269 
60.45 
60.4785 
60.4949 
60.4877 
60.4915 
60.5033 
60.5203 
60.5398 
60.5589 
60.573 
60.5749 
60.569 
60.587 
60.5916 
60.5949 
60.5885 
60.6198 
60.6154 
60.6314 
60.6355 
60.6483 
60.6701 
60.6879 
60.6948 
60.6993 
60.7249 
60.7437 
60.7469 
60.7485 
60.7572 
60.7542 
60.7614 
60.7643 
60.7713 
60.7976 
60.8087 
60.8102 
60.8222 
60.824 
60.8194 
60.8342 
60.8373 
60.8254 
60.833 
60.8435 
60.8491 
60.8501 
60.8599 
60.8856 
60.9007 
60.8946 
60.9162 
60.9161 
60.931 
60.9435 
60.9395 
60.9493 
60.9454 
60.9434 
60.9262 
60.9242 
60.9352 
60.9419 
60.9447 
60.9308 
60.9455 
60.951 
60.9527 
60.9719 
60.9905 
60.9964 
61.0062 
61.0227 
61.029 
61.0277 
61.0237 
61.0243 
61.015 
61.0146 
61.0184 
61.0363 
61.0358 
61.0487 
61.049 
61.0822 
61.0769 
61.0785 
61.089 
61.0998 
61.1073 
61.1072 
61.1071 
61.1232 
61.131 
61.1213 
61.1255 
61.1439 
61.1638 
61.1915 
61.1949 
61.1929 
61.2117 
61.2128 
61.2163 
61.2182 
61.229 
61.2318 
61.2383 
61.2375 
61.2374 
61.2455 
61.2738 
61.2975 
61.2959 
61.305 
61.3199 
61.3376 
61.3317 
61.3355 
61.3238 
61.3485 
61.3569 
61.3631 
61.3673 
61.3728 
61.3809 
61.3969 
61.4047 
61.4122 
61.4346 
61.4402 
61.4469 
61.4612 
61.4753 
61.497 
61.53 
61.5492 
61.5602 
61.5771 
61.5806 
61.5779 
61.5974 
61.5965 
61.6072 
61.6271 
61.6398 
61.6456 
61.6442 
61.6477 
61.6545 
61.6652 
61.6831 
61.7002 
61.7291 
61.7343 
61.7564 
61.7677 
61.7784 
61.776 
61.7899 
61.792 
61.804 
61.8149 
61.8461 
61.8545 
61.8639 
61.8669 
61.871 
61.8813 
61.8889 
61.9276 
61.9302 
61.9249 
61.9296 
61.9308 
61.9509 
61.9426 
61.9478 
61.9581 
61.9744 
61.9822 
61.9842 
61.9947 
62.0178 
62.005 
62.0169 
62.032 
62.0316 
62.0339 
62.0334 
62.048 
62.0541 
62.0685 
62.0695 
62.0845 
62.0907 
62.0984 
62.095 
62.1133 
62.1037 
62.1128 
62.1281 
62.1321 
62.1305 
62.1471 
62.1728 
62.1702 
62.1946 
62.1837 
62.1916 
62.2171 
62.2236 
62.2295 
62.2374 
62.2612 
62.2718 
62.3039 
62.3175 
62.326 
62.3391 
62.3582 
62.3607 
62.3819 
62.4007 
62.4222 
62.4241 
62.4289 
62.4325 
62.4445 
62.4507 
62.469 
62.4787 
62.4873 
62.4885 
62.5096 
62.5232 
62.5226 
62.5309 
62.5372 
62.525 
62.5302 
62.5209 
62.5017 
62.5089 
62.5147 
62.5297 
62.5445 
62.5569 
62.5518 
62.5485 
62.5515 
62.5619 
62.5583 
62.5646 
62.5647 
62.5601 
62.5798 
62.5859 
62.5966 
62.6054 
62.6199 
62.6193 
62.6312 
62.6511 
62.644 
62.6318 
62.6425 
62.6578 
62.6964 
62.7126 
62.7118 
62.7437 
62.7463 
62.7512 
62.784 
62.7777 
62.779 
62.7886 
62.7971 
62.7959 
62.8163 
62.8384 
62.859 
62.8583 
62.8643 
62.8738 
62.8837 
62.9006 
62.9114 
62.911 
62.9201 
62.9391 
62.951 
62.9619 
62.9816 
62.9713 
62.9811 
62.9927 
63.0132 
63.0077 
62.9946 
62.9845 
62.9792 
62.9904 
63.0057 
63.0174 
63.0296 
63.0469 
63.0591 
63.0595 
63.0671 
63.0699 
63.0819 
63.0917 
63.0927 
63.0918 
63.1018 
63.1249 
63.1349 
63.1431 
63.1443 
63.1546 
63.1502 
63.1567 
63.1825 
63.1905 
63.1973 
63.1963 
63.2182 
63.2253 
63.2417 
63.261 
63.28 
63.3065 
63.3134 
63.3249 
63.3449 
63.3507 
63.3619 
63.3786 
63.3787 
63.3763 
63.3766 
63.3739 
63.3835 
63.3781 
63.3987 
63.3986 
63.4005 
63.4008 
63.4185 
63.4296 
63.4495 
63.4678 
63.4683 
63.489 
63.5003 
63.5169 
63.5172 
63.5239 
63.5297 
63.5451 
63.5551 
63.5393 
63.5467 
63.5508 
63.54 
63.5447 
63.5565 
63.5754 
63.5766 
63.5847 
63.6062 
63.6198 
63.6242 
63.6545 
63.6648 
63.6638 
63.6573 
63.6612 
63.6591 
63.6691 
63.6725 
63.6805 
63.6742 
63.6784 
63.6991 
63.7024 
63.7141 
63.7279 
63.7337 
63.7411 
63.7409 
63.7414 
63.7477 
63.7503 
63.7633 
63.7662 
63.7695 
63.7742 
63.7888 
63.7996 
63.8076 
63.824 
63.8359 
63.8385 
63.8317 
63.8225 
63.8282 
63.8292 
63.842 
63.8486 
63.8681 
63.8551 
63.8694 
63.8723 
63.8883 
63.8919 
63.8913 
63.902 
63.9069 
63.9382 
63.9515 
63.9597 
63.9651 
63.9618 
63.9717 
63.9727 
63.9857 
63.9872 
64.0043 
64.0166 
64.0282 
64.0253 
64.0331 
64.032 
64.0446 
64.0485 
64.0425 
64.0506 
64.0408 
64.0441 
64.0449 
64.0609 
64.0686 
64.0731 
64.0772 
64.0646 
64.0621 
64.0673 
64.0622 
64.0656 
64.0788 
64.09 
64.0939 
64.0913 
64.0903 
64.1031 
64.1205 
64.1283 
64.1444 
64.1539 
64.1634 
64.1559 
64.1754 
64.1822 
64.1714 
64.1736 
64.1866 
64.2009 
64.211 
64.2285 
64.2353 
64.2337 
64.2602 
64.2681 
64.2825 
64.2899 
64.2845 
64.2917 
64.297 
64.3223 
64.3308 
64.3319 
64.3304 
64.3357 
64.3483 
64.3629 
64.3803 
64.3967 
64.3966 
64.3967 
64.4058 
64.4178 
64.4392 
64.4585 
64.4769 
64.4738 
64.4688 
64.4831 
64.4889 
64.4902 
64.501 
64.5078 
64.5236 
64.5367 
64.5489 
64.5438 
64.5441 
64.5448 
64.5608 
64.5688 
64.5808 
64.5993 
64.5901 
64.6132 
64.6128 
64.6103 
64.6089 
64.6079 
64.6172 
64.6214 
64.6155 
64.6273 
64.6338 
64.6383 
64.6518 
64.6763 
64.6841 
64.6915 
64.696 
64.7015 
64.7206 
64.7326 
64.734 
64.7379 
64.7362 
64.7457 
64.747 
64.7361 
64.7476 
64.7569 
64.7809 
64.7914 
64.7999 
64.8094 
64.8097 
64.8174 
64.8296 
64.8389 
64.8334 
64.835 
64.859 
64.8757 
64.8874 
64.8701 
64.8875 
64.8943 
64.8815 
64.9004 
64.9136 
64.9276 
64.926 
64.9252 
64.9415 
64.9569 
64.9825 
64.9843 
64.9949 
65.0034 
65.0057 
65.0271 
65.0374 
65.0438 
65.051 
65.0618 
65.0652 
65.0866 
65.0899 
65.1034 
65.1068 
65.1137 
65.1204 
65.1504 
65.1433 
65.1428 
65.1524 
65.1727 
65.1887 
65.2043 
65.236 
65.2509 
65.2579 
65.2507 
65.2621 
65.2635 
65.2597 
65.2711 
65.2816 
65.2714 
65.2813 
65.2894 
65.2938 
65.3028 
65.2971 
65.3143 
65.3251 
65.3187 
65.3253 
65.3326 
65.3302 
65.3393 
65.3683 
65.37 
65.3602 
65.372 
65.3851 
65.3882 
65.4135 
65.4287 
65.452 
65.4661 
65.4875 
65.5025 
65.4998 
65.4951 
65.5012 
65.5131 
65.5323 
65.5228 
65.519 
65.5262 
65.5541 
65.5666 
65.5686 
65.5656 
65.5576 
65.5734 
65.5971 
65.5946 
65.609 
65.6167 
65.6473 
65.6525 
65.6428 
65.6522 
65.6659 
65.6609 
65.6569 
65.677 
65.6688 
65.6771 
65.6827 
65.6932 
65.7034 
65.7056 
65.7054 
65.6876 
65.702 
65.7137 
65.7314 
65.7167 
65.7215 
65.7495 
65.777 
65.7828 
65.7982 
65.7987 
65.8157 
65.8291 
65.8345 
65.8351 
65.8266 
65.8401 
65.8625 
65.8664 
65.8627 
65.872 
65.8778 
65.8875 
65.8913 
65.8871 
65.8976 
65.8996 
65.9019 
65.9124 
65.8944 
65.9098 
65.9273 
65.9316 
65.9418 
65.9679 
65.9675 
65.9673 
65.9845 
65.9953 
65.9971 
66.025 
66.0423 
66.0567 
66.0407 
66.0442 
66.05 
66.0353 
66.0362 
66.0517 
66.0501 
66.0593 
66.0642 
66.0582 
66.0727 
66.0893 
66.1146 
66.1151 
66.1161 
66.1238 
66.1344 
66.1323 
66.1366 
66.1367 
66.148 
66.1606 
66.1779 
66.1769 
66.1845 
66.1828 
66.1883 
66.1877 
66.187 
66.1887 
66.1944 
66.1958 
66.2164 
66.214 
66.2174 
66.2153 
66.2176 
66.2093 
66.2186 
66.2356 
66.2389 
66.2428 
66.2438 
66.2486 
66.2629 
66.2787 
66.2841 
66.2973 
66.3095 
66.3296 
66.3446 
66.3713 
66.3653 
66.3882 
66.4003 
66.4203 
66.4237 
66.4248 
66.4487 
66.4683 
66.4886 
66.5248 
66.5209 
66.525 
66.5296 
66.5473 
66.5767 
66.593 
66.5988 
66.6169 
66.6223 
66.6267 
66.634 
66.6402 
66.6569 
66.6654 
66.6611 
66.669 
66.6893 
66.6899 
66.6888 
66.6866 
66.6842 
66.6793 
66.6849 
66.684 
66.6986 
66.6915 
66.6973 
66.6907 
66.7102 
66.7053 
66.6959 
66.7017 
66.7125 
66.7376 
66.7556 
66.7767 
66.7963 
66.8098 
66.7964 
66.7889 
66.8154 
66.8382 
66.8561 
66.8723 
66.8843 
66.8895 
66.8848 
66.8892 
66.9072 
66.9155 
66.9192 
66.9371 
66.9512 
66.9638 
66.9573 
66.9745 
66.9713 
66.9739 
66.9697 
66.9983 
67.0024 
67.0033 
66.9899 
67.0083 
67.0168 
67.0314 
67.0468 
67.0468 
67.0544 
67.065 
67.0571 
67.0591 
67.0766 
67.0897 
67.1032 
67.119 
67.1269 
67.1281 
67.1372 
67.1532 
67.1701 
67.1835 
67.19 
67.2045 
67.2223 
67.2371 
67.2451 
67.2401 
67.2483 
67.249 
67.256 
67.2742 
67.2707 
67.2772 
67.2922 
67.2964 
67.3092 
67.3243 
67.3307 
67.3304 
67.344 
67.3713 
67.3805 
67.4021 
67.4251 
67.4345 
67.4536 
67.4555 
67.4642 
67.4868 
67.5116 
67.5225 
67.5359 
67.5616 
67.5447 
67.5617 
67.5598 
67.5598 
67.5517 
67.5709 
67.5833 
67.5924 
67.6049 
67.612 
67.5978 
67.6142 
67.6208 
67.6192 
67.6375 
67.6483 
67.669 
67.6664 
67.6598 
67.6714 
67.673 
67.6874 
67.6814 
67.6916 
67.6974 
67.704 
67.7389 
67.7608 
67.7616 
67.7479 
67.75 
67.7514 
67.7673 
67.7546 
67.7544 
67.7741 
67.7675 
67.7707 
67.7787 
67.809 
67.8247 
67.8272 
67.8302 
67.8439 
67.8548 
67.8621 
67.8838 
67.8878 
67.886 
67.883 
67.8812 
67.8853 
67.8972 
67.8959 
67.9027 
67.921 
67.9297 
67.9034 
67.8996 
67.8914 
67.9012 
67.9062 
67.907 
67.9113 
67.9163 
67.9168 
67.9158 
67.9115 
67.9078 
67.9163 
67.947 
67.9574 
67.9492 
67.9559 
67.9654 
67.9782 
67.9778 
67.9769 
67.9719 
67.983 
67.9923 
67.9836 
67.9758 
67.9877 
67.9789 
67.9796 
67.986 
67.9962 
68.0104 
68.0057 
68.016 
68.0273 
68.0489 
68.0747 
68.0873 
68.0966 
68.0935 
68.0934 
68.1093 
68.119 
68.1133 
68.1256 
68.1212 
68.1126 
68.1126 
68.1171 
68.1233 
68.1256 
68.127 
68.1306 
68.1446 
68.1556 
68.1851 
68.1972 
68.2055 
68.2015 
68.2153 
68.2291 
68.2392 
68.2487 
68.2664 
68.2551 
68.2605 
68.2706 
68.2747 
68.2805 
68.2755 
68.293 
68.2968 
68.3151 
68.3264 
68.3448 
68.3452 
68.3712 
68.3714 
68.3974 
68.3934 
68.3988 
68.4058 
68.3995 
68.4255 
68.427 
68.4358 
68.4401 
68.4435 
68.4703 
68.5014 
68.5028 
68.5143 
68.5344 
68.539 
68.5512 
68.5491 
68.5446 
68.5525 
68.5636 
68.5598 
68.5894 
68.6168 
68.6211 
68.6297 
68.6273 
68.6401 
68.6475 
68.6563 
68.6577 
68.6819 
68.6967 
68.718 
68.7179 
68.7165 
68.7264 
68.7373 
68.7517 
68.7578 
68.7578 
68.7822 
68.7913 
68.8003 
68.8151 
68.824 
68.847 
68.8442 
68.868 
68.8748 
68.8746 
68.8839 
68.9022 
68.9203 
68.9121 
68.9142 
68.9203 
68.9353 
68.9314 
68.9451 
68.951 
68.9549 
68.9847 
69.0014 
69.0186 
69.0141 
69.0197 
69.0445 
69.0447 
69.0358 
69.041 
69.0472 
69.0751 
69.0765 
69.0853 
69.1064 
69.1161 
69.1243 
69.1257 
69.1016 
69.1133 
69.1195 
69.1015 
69.1065 
69.11 
69.0998 
69.1377 
69.1384 
69.151 
69.1609 
69.1457 
69.1388 
69.1588 
69.1657 
69.165 
69.1828 
69.1897 
69.2073 
69.2216 
69.2367 
69.2495 
69.2652 
69.2761 
69.2745 
69.2912 
69.2911 
69.2927 
69.3042 
69.3076 
69.3063 
69.3159 
69.3231 
69.3251 
69.3237 
69.3211 
69.3304 
69.3352 
69.3289 
69.3408 
69.3244 
69.3532 
69.3639 
69.3725 
69.3588 
69.3674 
69.3776 
69.3773 
69.3895 
69.3891 
69.3871 
69.3756 
69.404 
69.4156 
69.4189 
69.4506 
69.4521 
69.4626 
69.4675 
69.4677 
69.4755 
69.4834 
69.484 
69.4845 
69.4972 
69.4998 
69.5074 
69.5049 
69.5045 
69.4972 
69.5196 
69.5136 
69.4962 
69.5029 
69.5073 
69.5037 
69.4946 
69.5147 
69.5224 
69.5257 
69.5406 
69.5572 
69.5722 
69.5748 
69.5797 
69.5873 
69.5969 
69.6129 
69.6062 
69.6045 
69.6239 
69.63 
69.6409 
69.6409 
69.6484 
69.6529 
69.658 
69.6743 
69.6696 
69.6761 
69.6783 
69.6865 
69.6825 
69.6736 
69.6937 
69.7103 
69.7065 
69.6956 
69.6975 
69.7213 
69.7157 
69.7273 
69.7335 
69.7326 
69.741 
69.739 
69.7488 
69.751 
69.7461 
69.7543 
69.7764 
69.7779 
69.776 
69.7989 
69.817 
69.8178 
69.8524 
69.8508 
69.8615 
69.8662 
69.8765 
69.8873 
69.8976 
69.8951 
69.929 
69.9498 
69.9689 
69.9836 
69.9813 
70.003 
70.0119 
70.0182 
70.0171 
70.0258 
70.0348 
70.0504 
70.0438 
70.0346 
70.043 
70.03 
70.0241 
70.009 
69.9988 
69.9939 
70.0019 
70.016 
70.0214 
70.0429 
70.0471 
70.0553 
70.0569 
70.0658 
70.0848 
70.083 
70.0965 
70.0819 
70.0761 
70.0774 
70.0907 
70.0764 
70.0632 
70.0772 
70.0945 
70.0925 
70.1077 
70.1111 
70.0991 
70.0941 
70.1042 
70.1211 
70.125 
70.1304 
70.1358 
70.1347 
70.1455 
70.1508 
70.1579 
70.1731 
70.1737 
70.1754 
70.1744 
70.1816 
70.1878 
70.1917 
70.1929 
70.2013 
70.2066 
70.2137 
70.2041 
70.2135 
70.2153 
70.2224 
70.2406 
70.2543 
70.2563 
70.2689 
70.2825 
70.2988 
70.2987 
70.2951 
70.3194 
70.3137 
70.3225 
70.3223 
70.3281 
70.326 
70.3303 
70.3482 
70.3555 
70.362 
70.3609 
70.3648 
70.37 
70.3679 
70.3754 
70.383 
70.3829 
70.4052 
70.4092 
70.4092 
70.4101 
70.4086 
70.418 
70.4229 
70.4414 
70.4505 
70.4571 
70.4709 
70.4826 
70.4857 
70.4961 
70.511 
70.5151 
70.5504 
70.5545 
70.5635 
70.5595 
70.5783 
70.593 
70.6039 
70.6012 
70.5988 
70.62 
70.6244 
70.6202 
70.631 
70.6429 
70.6477 
70.6592 
70.6748 
70.6796 
70.7009 
70.712 
70.7212 
70.7336 
70.7464 
70.7576 
70.7492 
70.7259 
70.728 
70.73 
70.7294 
70.7475 
70.7472 
70.7431 
70.7583 
70.7656 
70.7613 
70.7683 
70.7712 
70.7963 
70.7904 
70.8024 
70.8104 
70.8168 
70.8198 
70.8159 
70.8189 
70.8401 
70.8561 
70.8622 
70.8889 
70.8859 
70.8968 
70.9051 
70.9226 
70.9321 
70.927 
70.9322 
70.9424 
70.9502 
70.9513 
70.9654 
70.9873 
70.9924 
71.0101 
71.0194 
71.0243 
71.0364 
71.0411 
71.0509 
71.0576 
71.054 
71.0659 
71.0673 
71.0769 
71.0784 
71.0928 
71.0764 
71.0724 
71.0678 
71.0885 
71.1016 
71.1058 
71.1248 
71.1224 
71.1263 
71.1199 
71.1175 
71.121 
71.129 
71.1316 
71.135 
71.1463 
71.1524 
71.1726 
71.1871 
71.1857 
71.1947 
71.2059 
71.2268 
71.2512 
71.2726 
71.2659 
71.2748 
71.2867 
71.3116 
71.3325 
71.3412 
71.3558 
71.3633 
71.3782 
71.3866 
71.3879 
71.3878 
71.3921 
71.4061 
71.4013 
71.419 
71.4204 
71.4292 
71.4481 
71.4678 
71.4787 
71.503 
71.487 
71.4888 
71.5081 
71.515 
71.5296 
71.5309 
71.5212 
71.523 
71.5311 
71.5363 
71.542 
71.5453 
71.5559 
71.546 
71.5488 
71.5714 
71.5847 
71.5961 
71.5973 
71.609 
71.6379 
71.646 
71.6511 
71.663 
71.6756 
71.6922 
71.718 
71.7239 
71.7314 
71.7429 
71.7519 
71.7483 
71.7394 
71.7529 
71.7682 
71.7672 
71.7851 
71.8042 
71.8138 
71.8014 
71.8051 
71.8125 
71.8186 
71.8482 
71.8458 
71.8576 
71.8704 
71.8668 
71.8732 
71.8727 
71.87 
71.8902 
71.9039 
71.9329 
71.9427 
71.9509 
71.9632 
71.9673 
71.9726 
71.9746 
71.9603 
71.9778 
71.9712 
71.9752 
71.9828 
71.9938 
72.0076 
72.0025 
72.0096 
72.0053 
71.9984 
72.0001 
72.0052 
72.016 
72.0157 
72.0078 
71.9939 
72.014 
72.007 
72.0096 
71.9981 
72.0068 
72.0183 
72.0284 
72.0442 
72.0542 
72.043 
72.0424 
72.0479 
72.0403 
72.0532 
72.061 
72.0519 
72.0427 
72.0407 
72.0308 
72.0177 
72.0303 
72.022 
72.0281 
72.0411 
72.0358 
72.0418 
72.0445 
72.047 
72.0506 
72.0597 
72.0645 
72.0684 
72.0837 
72.0843 
72.1069 
72.1128 
72.1207 
72.1222 
72.1247 
72.1414 
72.1502 
72.156 
72.1538 
72.158 
72.1695 
72.1717 
72.1778 
72.1896 
72.2037 
72.227 
72.2215 
72.2289 
72.2315 
72.2394 
72.2322 
72.236 
72.2432 
72.2299 
72.2395 
72.2648 
72.2673 
72.2754 
72.2891 
72.3074 
72.2989 
72.3038 
72.3252 
72.3282 
72.3316 
72.3414 
72.3682 
72.3874 
72.3911 
72.409 
72.4147 
72.4264 
72.435 
72.4383 
72.453 
72.4558 
72.4487 
72.4581 
72.4535 
72.452 
72.462 
72.4864 
72.5122 
72.5231 
72.5285 
72.5264 
72.5399 
72.5436 
72.5537 
72.555 
72.5643 
72.5563 
72.5771 
72.5865 
72.5891 
72.6143 
72.6207 
72.6255 
72.6183 
72.6179 
72.6187 
72.6447 
72.6587 
72.6566 
72.657 
72.657 
72.656 
72.6606 
72.6624 
72.674 
72.688 
72.6932 
72.7029 
72.7097 
72.7023 
72.7138 
72.7176 
72.7091 
72.7134 
72.713 
72.7222 
72.74 
72.7457 
72.7383 
72.7437 
72.7616 
72.7882 
72.7775 
72.7763 
72.8087 
72.8156 
72.8309 
72.8561 
72.8601 
72.8579 
72.8747 
72.8838 
72.8964 
72.893 
72.8888 
72.8981 
72.8967 
72.9099 
72.9199 
72.9426 
72.9523 
72.9398 
72.9528 
72.9588 
72.9815 
72.9923 
72.9977 
73.0185 
73.031 
73.0334 
73.0482 
73.0506 
73.0722 
73.0716 
73.0796 
73.1013 
73.1012 
73.0984 
73.1258 
73.1137 
73.1275 
73.1355 
73.1535 
73.1567 
73.1414 
73.1526 
73.1531 
73.1653 
73.1686 
73.1874 
73.1941 
73.2083 
73.217 
73.2202 
73.2333 
73.2473 
73.2486 
73.2503 
73.2496 
73.2612 
73.2722 
73.2714 
73.2813 
73.2823 
73.2706 
73.2815 
73.2865 
73.2764 
73.2817 
73.2728 
73.2697 
73.2572 
73.254 
73.2625 
73.2639 
73.2945 
73.3179 
73.3234 
73.3184 
73.3182 
73.3253 
73.3476 
73.3586 
73.3632 
73.3709 
73.3592 
73.3698 
73.3783 
73.3857 
73.4098 
73.4177 
73.4219 
73.4358 
73.4639 
73.4753 
73.5171 
73.5168 
73.5199 
73.5181 
73.5187 
73.5261 
73.5401 
73.5498 
73.5302 
73.5373 
73.55 
73.5654 
73.5839 
73.5981 
73.6142 
73.6224 
73.6325 
73.6543 
73.678 
73.6887 
73.7045 
73.6931 
73.7021 
73.7099 
73.7233 
73.7243 
73.7278 
73.7239 
73.7304 
73.7406 
73.7381 
73.7478 
73.7611 
73.75 
73.7508 
73.7716 
73.7933 
73.8183 
73.8261 
73.8452 
73.848 
73.8651 
73.867 
73.8716 
73.8785 
73.8875 
73.901 
73.9015 
73.92 
73.9462 
73.9538 
73.9581 
73.9712 
73.9707 
73.963 
73.9617 
73.9717 
73.9814 
73.9965 
74.0043 
74.0038 
74.0069 
73.9914 
73.9986 
74.014 
74.0172 
74.0139 
74.0199 
74.0201 
74.0235 
74.0483 
74.045 
74.0369 
74.0289 
74.0315 
74.0228 
74.0312 
74.0508 
74.0586 
74.0637 
74.061 
74.0716 
74.0836 
74.0856 
74.0927 
74.0994 
74.103 
74.1134 
74.1177 
74.122 
74.1336 
74.1408 
74.1708 
74.1767 
74.1994 
74.2133 
74.2464 
74.2662 
74.2676 
74.2829 
74.298 
74.3083 
74.3114 
74.3084 
74.311 
74.3181 
74.3136 
74.3147 
74.3182 
74.3271 
74.3088 
74.3296 
74.3357 
74.3279 
74.3415 
74.3418 
74.3262 
74.3443 
74.3505 
74.3545 
74.3659 
74.3586 
74.3573 
74.3586 
74.3503 
74.3638 
74.3508 
74.3396 
74.3524 
74.3714 
74.3665 
74.3693 
74.3898 
74.411 
74.42 
74.4439 
74.4528 
74.465 
74.4546 
74.4672 
74.4667 
74.4786 
74.506 
74.5139 
74.5283 
74.5309 
74.5332 
74.5489 
74.5587 
74.5656 
74.5699 
74.5881 
74.592 
74.6073 
74.5932 
74.5885 
74.5814 
74.5959 
74.5942 
74.6217 
74.6328 
74.6343 
74.6441 
74.6508 
74.6468 
74.6648 
74.6706 
74.676 
74.6694 
74.6717 
74.6628 
74.6633 
74.6679 
74.6623 
74.6791 
74.7004 
74.6909 
74.7139 
74.731 
74.7311 
74.734 
74.7315 
74.7355 
74.7417 
74.7535 
74.7482 
74.7604 
74.7527 
74.7566 
74.7624 
74.7555 
74.7786 
74.7794 
74.771 
74.7609 
74.778 
74.769 
74.747 
74.7629 
74.7519 
74.7647 
74.7753 
74.7773 
74.7673 
74.7788 
74.7865 
74.794 
74.8109 
74.8105 
74.7969 
74.8019 
74.8291 
74.835 
74.8461 
74.8569 
74.8643 
74.8772 
74.8713 
74.8813 
74.8912 
74.8888 
74.9019 
74.9077 
74.9044 
74.9136 
74.934 
74.946 
74.9534 
74.9797 
74.9689 
74.964 
74.9574 
74.9606 
74.9681 
74.966 
74.964 
74.9656 
74.9785 
74.9798 
74.999 
75.0026 
75.0307 
75.0393 
75.0514 
75.0504 
75.0692 
75.0769 
75.0783 
75.0814 
75.0682 
75.0816 
75.0837 
75.0836 
75.0886 
75.0848 
75.0864 
75.0991 
75.102 
75.1207 
75.1154 
75.1169 
75.1274 
75.1412 
75.1481 
75.1629 
75.1699 
75.1651 
75.1592 
75.1476 
75.1499 
75.1413 
75.1605 
75.1473 
75.156 
75.1574 
75.1698 
75.1861 
75.193 
75.1915 
75.1934 
75.1955 
75.2027 
75.2007 
75.2112 
75.2117 
75.2055 
75.2109 
75.2223 
75.233 
75.2535 
75.2582 
75.2624 
75.2667 
75.2696 
75.2772 
75.2842 
75.3043 
75.3109 
75.3098 
75.3173 
75.3162 
75.3288 
75.3206 
75.3368 
75.3481 
75.3654 
75.3842 
75.3874 
75.4007 
75.4106 
75.4235 
75.4377 
75.4399 
75.4471 
75.4519 
75.4719 
75.482 
75.49 
75.5109 
75.532 
75.5454 
75.5423 
75.5358 
75.5281 
75.5436 
75.5625 
75.5783 
75.5942 
75.6072 
75.6302 
75.6279 
75.634 
75.6312 
75.6436 
75.6505 
75.6617 
75.6832 
75.6992 
75.697 
75.7188 
75.7238 
75.7416 
75.7469 
75.7578 
75.7653 
75.7522 
75.7493 
75.765 
75.7772 
75.7814 
75.7761 
75.7778 
75.7975 
75.7994 
75.8093 
75.7974 
75.7974 
75.7956 
75.8124 
75.8181 
75.8244 
75.8243 
75.8267 
75.8261 
75.8589 
75.8755 
75.8838 
75.9112 
75.9159 
75.9313 
75.9241 
75.937 
75.9375 
75.9412 
75.9597 
75.9629 
75.9588 
75.9799 
75.9953 
76.0055 
75.9972 
76.0022 
76.0111 
76.0294 
76.0455 
76.0573 
76.0582 
76.0628 
76.0682 
76.0721 
76.0787 
76.0787 
76.0701 
76.0852 
76.0854 
76.1017 
76.1028 
76.11 
76.1365 
76.1492 
76.1439 
76.1493 
76.1571 
76.1832 
76.1914 
76.1936 
76.2165 
76.2412 
76.2562 
76.2499 
76.2429 
76.2334 
76.2344 
76.2343 
76.2303 
76.2206 
76.2216 
76.2144 
76.2156 
76.2328 
76.2281 
76.2198 
76.2159 
76.2079 
76.2216 
76.2282 
76.2465 
76.2418 
76.2506 
76.2747 
76.2739 
76.2778 
76.2868 
76.2909 
76.3108 
76.3231 
76.3482 
76.3583 
76.3669 
76.3893 
76.3877 
76.4041 
76.4095 
76.4134 
76.4226 
76.4172 
76.4188 
76.432 
76.4603 
76.4432 
76.432 
76.4307 
76.4522 
76.461 
76.4567 
76.4632 
76.4633 
76.4776 
76.4997 
76.5257 
76.5342 
76.5218 
76.5366 
76.5499 
76.5456 
76.547 
76.5575 
76.5674 
76.5593 
76.5615 
76.571 
76.5795 
76.5912 
76.588 
76.599 
76.5927 
76.608 
76.6173 
76.6357 
76.6483 
76.6388 
76.6488 
76.6662 
76.6453 
76.6617 
76.674 
76.6887 
76.6923 
76.7124 
76.722 
76.7402 
76.7504 
76.7533 
76.7688 
76.7876 
76.7903 
76.8144 
76.8295 
76.8275 
76.8275 
76.8344 
76.8236 
76.8329 
76.8257 
76.8405 
76.8525 
76.8499 
76.8548 
76.8531 
76.8638 
76.8458 
76.8633 
76.8748 
76.8706 
76.8661 
76.8775 
76.8714 
76.8716 
76.8796 
76.8924 
76.9001 
76.908 
76.9185 
76.9223 
76.9171 
76.9405 
76.9387 
76.951 
76.9596 
76.9667 
76.9699 
76.9735 
76.9711 
76.9808 
76.9894 
76.9859 
76.9787 
77.0049 
77.0207 
77.0443 
77.0681 
77.0592 
77.0617 
77.0686 
77.0762 
77.0788 
77.0761 
77.0835 
77.0851 
77.0937 
77.0903 
77.0992 
77.1049 
77.1154 
77.1216 
77.1366 
77.1536 
77.1588 
77.1657 
77.1792 
77.1894 
77.2066 
77.194 
77.2046 
77.2001 
77.2053 
77.2069 
77.2046 
77.2139 
77.2139 
77.2276 
77.2338 
77.2463 
77.247 
77.2466 
77.2357 
77.2417 
77.234 
77.2241 
77.2446 
77.2583 
77.2896 
77.302 
77.2987 
77.3191 
77.3359 
77.3467 
77.3645 
77.3714 
77.3653 
77.3848 
77.401 
77.4133 
77.4369 
77.4291 
77.431 
77.4298 
77.4339 
77.4295 
77.4435 
77.4396 
77.4541 
77.4509 
77.4548 
77.4837 
77.4801 
77.4817 
77.4706 
77.489 
77.496 
77.5054 
77.5046 
77.5139 
77.5095 
77.5211 
77.5221 
77.5334 
77.5587 
77.5599 
77.5504 
77.5479 
77.5518 
77.5596 
77.5709 
77.5621 
77.554 
77.5536 
77.5632 
77.5613 
77.5858 
77.6051 
77.6243 
77.6415 
77.6452 
77.6606 
77.6608 
77.6746 
77.6921 
77.6864 
77.6797 
77.6713 
77.6773 
77.682 
77.7121 
77.7248 
77.7227 
77.7275 
77.7165 
77.7285 
77.7571 
77.758 
77.7525 
77.7565 
77.7799 
77.7843 
77.7821 
77.7845 
77.7843 
77.8011 
77.813 
77.8194 
77.8442 
77.8687 
77.8775 
77.8925 
77.8928 
77.9116 
77.9069 
77.907 
77.9083 
77.9169 
77.9381 
77.9526 
77.9468 
77.9763 
77.9797 
77.9743 
77.9698 
77.9741 
77.9689 
77.9639 
77.9908 
77.9861 
77.9975 
78.0057 
78.0055 
78.0082 
78.0188 
78.0238 
78.0241 
78.0532 
78.0557 
78.0576 
78.0833 
78.0959 
78.1147 
78.1274 
78.1476 
78.153 
78.1666 
78.1813 
78.1856 
78.183 
78.1911 
78.1844 
78.1811 
78.18 
78.1998 
78.2072 
78.2223 
78.2314 
78.2347 
78.2309 
78.2411 
78.2321 
78.2387 
78.2398 
78.2448 
78.254 
78.264 
78.2624 
78.2644 
78.257 
78.2606 
78.2721 
78.267 
78.2674 
78.2743 
78.2753 
78.2842 
78.3164 
78.3284 
78.3261 
78.3444 
78.3532 
78.3734 
78.3557 
78.372 
78.3751 
78.3652 
78.3605 
78.3649 
78.3827 
78.3939 
78.3923 
78.4022 
78.3943 
78.421 
78.4305 
78.444 
78.4419 
78.465 
78.4506 
78.4655 
78.4658 
78.4751 
78.485 
78.4856 
78.5042 
78.4886 
78.4882 
78.5019 
78.5028 
78.5035 
78.5083 
78.5314 
78.5345 
78.5594 
78.5702 
78.5822 
78.5833 
78.5945 
78.5771 
78.5899 
78.6021 
78.6224 
78.6263 
78.6366 
78.6443 
78.6385 
78.6297 
78.6412 
78.6295 
78.6364 
78.6383 
78.6234 
78.6346 
78.6361 
78.6346 
78.6463 
78.6439 
78.6548 
78.6549 
78.6833 
78.6632 
78.6795 
78.6636 
78.6476 
78.6906 
78.6941 
78.7089 
78.704 
78.6956 
78.6957 
78.7162 
78.7249 
78.7313 
78.733 
78.7345 
78.7292 
78.7142 
78.7149 
78.7328 
78.7379 
78.7474 
78.7591 
78.7439 
78.7531 
78.744 
78.7429 
78.7387 
78.7488 
78.7732 
78.774 
78.773 
78.7967 
78.7966 
78.8183 
78.834 
78.8371 
78.8557 
78.8515 
78.8491 
78.852 
78.8464 
78.8545 
78.8648 
78.8836 
78.8917 
78.902 
78.9154 
78.9172 
78.9257 
78.9486 
78.9314 
78.9339 
78.9196 
78.925 
78.9284 
78.9366 
78.944 
78.9429 
78.9493 
78.9429 
78.9366 
78.9435 
78.9427 
78.9494 
78.9479 
78.948 
78.9554 
78.9625 
78.9696 
78.9624 
78.9805 
79.0037 
79.0156 
79.0205 
79.0243 
79.0387 
79.0359 
79.0225 
79.0338 
79.0439 
79.0477 
79.0576 
79.0464 
79.0432 
79.0506 
79.0658 
79.0845 
79.0843 
79.1016 
79.1164 
79.1207 
79.1244 
79.1318 
79.1359 
79.1501 
79.1604 
79.164 
79.1646 
79.1673 
79.1768 
79.16 
79.1512 
79.1525 
79.1577 
79.1683 
79.1721 
79.1752 
79.1837 
79.1779 
79.1786 
79.1784 
79.1833 
79.1834 
79.1947 
79.21 
79.2274 
79.2303 
79.243 
79.2388 
79.2461 
79.2389 
79.2618 
79.2641 
79.261 
79.271 
79.2478 
79.2632 
79.2516 
79.2463 
79.2304 
79.2464 
79.2601 
79.2667 
79.2698 
79.282 
79.2999 
79.3111 
79.3047 
79.2994 
79.3088 
79.3191 
79.3219 
79.3377 
79.3422 
79.3457 
79.3406 
79.3361 
79.347 
79.333 
79.3454 
79.3489 
79.3629 
79.3687 
79.3689 
79.3643 
79.3586 
79.3709 
79.3854 
79.3978 
79.4177 
79.4203 
79.4376 
79.42 
79.4202 
79.4545 
79.4616 
79.4738 
79.471 
79.4753 
79.489 
79.4976 
79.5056 
79.5149 
79.5072 
79.5078 
79.5085 
79.4982 
79.5012 
79.5116 
79.5243 
79.5132 
79.5014 
79.5126 
79.5238 
79.5189 
79.5255 
79.5338 
79.5292 
79.5266 
79.5217 
79.5415 
79.5278 
79.5397 
79.5342 
79.5308 
79.553 
79.562 
79.5714 
79.5588 
79.5627 
79.5621 
79.5669 
79.5647 
79.5932 
79.5955 
79.5888 
79.5974 
79.6017 
79.6222 
79.6136 
79.61 
79.6284 
79.6345 
79.6557 
79.6547 
79.6839 
79.6862 
79.6912 
79.7161 
79.7357 
79.723 
79.7356 
79.7287 
79.7253 
79.7397 
79.7525 
79.7649 
79.7649 
79.7646 
79.7763 
79.7784 
79.7792 
79.776 
79.774 
79.7949 
79.8066 
79.8065 
79.8038 
79.8115 
79.8237 
79.824 
79.8355 
79.8509 
79.8514 
79.8574 
79.8761 
79.8694 
79.8762 
79.8811 
79.8832 
79.9041 
79.8963 
79.8941 
79.9089 
79.9247 
79.9335 
79.947 
79.9672 
79.9742 
79.969 
79.9801 
79.9934 
79.9853 
80.0094 
80.0085 
80.0179 
80.0218 
80.0248 
80.0273 
80.0413 
80.0533 
80.0491 
80.0645 
80.0561 
80.0576 
80.0384 
80.0529 
80.0757 
80.0728 
80.0742 
80.0772 
80.0714 
80.0772 
80.086 
80.1029 
80.1099 
80.1172 
80.1175 
80.1392 
80.1293 
80.1359 
80.1387 
80.1541 
80.1531 
80.17 
80.1718 
80.1893 
80.1955 
80.1848 
80.1974 
80.201 
80.2147 
80.2294 
80.2283 
80.2255 
80.2358 
80.2278 
80.2419 
80.2564 
80.2608 
80.256 
80.2563 
80.2611 
80.2609 
80.2658 
80.2623 
80.2598 
80.265 
80.2767 
80.2703 
80.2785 
80.2792 
80.302 
80.2957 
80.2946 
80.2898 
80.2936 
80.2896 
80.2841 
80.3007 
80.2988 
80.2895 
80.2819 
80.2903 
80.29 
80.2913 
80.3023 
80.2971 
80.3035 
80.3147 
80.3074 
80.3111 
80.3215 
80.3197 
80.3377 
80.3611 
80.3627 
80.3768 
80.3916 
80.3915 
80.3887 
80.4064 
80.4163 
80.4076 
80.4067 
80.4033 
80.3705 
80.364 
80.3854 
80.389 
80.4093 
80.4036 
80.402 
80.4074 
80.4094 
80.4127 
80.4282 
80.4409 
80.445 
80.4475 
80.4388 
80.4386 
80.4453 
80.4317 
80.4328 
80.4371 
80.4542 
80.4505 
80.4458 
80.4478 
80.4411 
80.4279 
80.4315 
80.4478 
80.4388 
80.4536 
80.4623 
80.4815 
80.4903 
80.5048 
80.4944 
80.5252 
80.5432 
80.5481 
80.5554 
80.5781 
80.588 
80.5986 
80.6213 
80.6144 
80.6212 
80.6448 
80.6458 
80.6482 
80.6663 
80.672 
80.6834 
80.7032 
80.6932 
80.695 
80.7187 
80.7388 
80.747 
80.7463 
80.7305 
80.7604 
80.7688 
80.7756 
80.7821 
80.7902 
80.8176 
80.8204 
80.8243 
80.8351 
80.8414 
80.846 
80.845 
80.8399 
80.8573 
80.8811 
80.8941 
80.8913 
80.8971 
80.9132 
80.9327 
80.9329 
80.9528 
80.9624 
80.984 
80.9915 
80.9905 
80.9839 
80.9925 
81.0063 
81.0035 
81.0136 
81.0324 
81.0518 
81.0495 
81.0517 
81.0645 
81.0732 
81.0655 
81.0722 
81.0591 
81.0757 
81.0764 
81.0887 
81.0922 
81.1077 
81.1113 
81.1072 
81.1073 
81.127 
81.1255 
81.1424 
81.1503 
81.1635 
81.1902 
81.182 
81.1894 
81.1844 
81.1798 
81.1979 
81.2067 
81.2181 
81.2205 
81.214 
81.2342 
81.2351 
81.2423 
81.2538 
81.2646 
81.2739 
81.2625 
81.2728 
81.2776 
81.2813 
81.2806 
81.2888 
81.2919 
81.2969 
81.3062 
81.3119 
81.3271 
81.3213 
81.3346 
81.3336 
81.3554 
81.3627 
81.3594 
81.3585 
81.3767 
81.378 
81.3902 
81.3991 
81.3855 
81.3912 
81.3959 
81.4138 
81.397 
81.3808 
81.3884 
81.4041 
81.4221 
81.4403 
81.4418 
81.4511 
81.4568 
81.4624 
81.4579 
81.4664 
81.4632 
81.4725 
81.4703 
81.4702 
81.4565 
81.45 
81.4592 
81.4572 
81.4535 
81.4629 
81.4412 
81.4612 
81.4511 
81.4549 
81.4621 
81.4961 
81.5181 
81.5222 
81.5286 
81.5342 
81.544 
81.5568 
81.5893 
81.5806 
81.597 
81.6109 
81.602 
81.6114 
81.6154 
81.6127 
81.6132 
81.6228 
81.6271 
81.6332 
81.6485 
81.6388 
81.6556 
81.6449 
81.6589 
81.6644 
81.6911 
81.6994 
81.6851 
81.6983 
81.7094 
81.7234 
81.7338 
81.7373 
81.7571 
81.7736 
81.7742 
81.7898 
81.7977 
81.789 
81.7895 
81.791 
81.7859 
81.8008 
81.8083 
81.8226 
81.8164 
81.8111 
81.8147 
81.8243 
81.8346 
81.8566 
81.867 
81.8629 
81.8541 
81.8722 
81.9034 
81.9193 
81.925 
81.9379 
81.9411 
81.9631 
81.9681 
81.968 
81.9783 
81.9762 
81.9876 
81.9804 
81.9905 
81.9877 
81.9792 
81.9853 
81.9784 
81.9931 
81.9863 
81.9911 
81.9948 
82.005 
82.0243 
82.0077 
82.0188 
82.0285 
82.0327 
82.0332 
82.0399 
82.0584 
82.0624 
82.0589 
82.0698 
82.0792 
82.0946 
82.1016 
82.0919 
82.0946 
82.1057 
82.1129 
82.1274 
82.1377 
82.1544 
82.1532 
82.1423 
82.1428 
82.1487 
82.1554 
82.1654 
82.1746 
82.17 
82.1673 
82.184 
82.1878 
82.1803 
82.1877 
82.1839 
82.2011 
82.2241 
82.2374 
82.2469 
82.2572 
82.2659 
82.2761 
82.2722 
82.2802 
82.292 
82.3037 
82.3015 
82.3231 
82.3188 
82.3102 
82.3145 
82.3203 
82.311 
82.3306 
82.353 
82.3577 
82.3644 
82.3723 
82.3746 
82.3794 
82.3937 
82.3976 
82.3846 
82.3912 
82.399 
82.4028 
82.416 
82.4279 
82.4339 
82.4367 
82.4424 
82.4255 
82.4325 
82.4337 
82.4416 
82.4554 
82.4707 
82.4774 
82.4852 
82.495 
82.5156 
82.5325 
82.5414 
82.5364 
82.5403 
82.5367 
82.5536 
82.5451 
82.5695 
82.5673 
82.5822 
82.5882 
82.5959 
82.6008 
82.6119 
82.6201 
82.6131 
82.6127 
82.5997 
82.6148 
82.6165 
82.6063 
82.6179 
82.6094 
82.5944 
82.5985 
82.6021 
82.6092 
82.6075 
82.6173 
82.6193 
82.6162 
82.6233 
82.629 
82.6528 
82.6334 
82.6238 
82.6347 
82.6399 
82.6479 
82.6478 
82.6457 
82.6505 
82.6558 
82.6603 
82.6726 
82.7096 
82.7261 
82.7417 
82.7591 
82.7564 
82.7526 
82.7511 
82.7512 
82.7557 
82.7621 
82.7739 
82.7669 
82.7703 
82.7776 
82.7834 
82.7895 
82.7951 
82.7922 
82.8126 
82.8393 
82.845 
82.8566 
82.8745 
82.878 
82.8947 
82.9037 
82.9194 
82.9199 
82.9293 
82.9547 
82.9511 
82.9475 
82.9566 
82.9587 
82.9679 
82.9707 
82.9588 
82.9552 
82.9832 
82.9904 
82.9794 
82.9648 
82.9678 
82.9804 
82.9732 
82.975 
82.9649 
82.9665 
82.9712 
82.9699 
82.9789 
82.9898 
83.0004 
83.01 
83.0174 
83.0056 
82.9945 
83.0082 
83.0169 
83.0197 
83.0353 
83.0344 
83.0292 
83.032 
83.0404 
83.0567 
83.0637 
83.0877 
83.0921 
83.1064 
83.1091 
83.0962 
83.1117 
83.1244 
83.1284 
83.1281 
83.1206 
83.1324 
83.1388 
83.1448 
83.1445 
83.1514 
83.1577 
83.1651 
83.1802 
83.1784 
83.188 
83.2076 
83.2123 
83.2139 
83.2319 
83.2365 
83.2422 
83.2403 
83.2511 
83.254 
83.2796 
83.291 
83.2954 
83.3188 
83.3332 
83.336 
83.345 
83.3563 
83.3651 
83.3621 
83.3832 
83.3864 
83.383 
83.3844 
83.4013 
83.4064 
83.4082 
83.4178 
83.4299 
83.4457 
83.4574 
83.4565 
83.4614 
83.4743 
83.4782 
83.4863 
83.515 
83.5347 
83.5393 
83.543 
83.5561 
83.569 
83.5881 
83.6024 
83.6062 
83.6168 
83.6272 
83.6406 
83.6306 
83.6425 
83.6477 
83.6578 
83.6602 
83.6839 
83.6767 
83.6934 
83.695 
83.7066 
83.7234 
83.7336 
83.7499 
83.7451 
83.7499 
83.7527 
83.7482 
83.745 
83.7423 
83.7418 
83.7418 
83.7626 
83.7732 
83.7814 
83.7855 
83.7705 
83.7882 
83.7965 
83.8023 
83.7988 
83.823 
83.8111 
83.8155 
83.8336 
83.8435 
83.8485 
83.8482 
83.8567 
83.8675 
83.8696 
83.8612 
83.8862 
83.8894 
83.8938 
83.8931 
83.8939 
83.8918 
83.8889 
83.8834 
83.8749 
83.9123 
83.9187 
83.9179 
83.9297 
83.9224 
83.9208 
83.949 
83.9614 
83.9737 
84.0084 
84.0167 
84.0324 
84.0365 
84.0517 
84.0629 
84.061 
84.0551 
84.0531 
84.0672 
84.0681 
84.063 
84.081 
84.096 
84.1018 
84.1149 
84.1096 
84.1099 
84.1208 
84.1292 
84.1243 
84.1431 
84.1566 
84.1756 
84.1757 
84.1926 
84.1935 
84.1828 
84.1995 
84.1928 
84.1826 
84.1934 
84.1917 
84.2024 
84.218 
84.2364 
84.2198 
84.2245 
84.2209 
84.2189 
84.2213 
84.2292 
84.2421 
84.27 
84.262 
84.2638 
84.2593 
84.271 
84.2782 
84.272 
84.284 
84.2808 
84.2795 
84.3032 
84.3156 
84.3284 
84.3363 
84.3199 
84.3235 
84.3383 
84.3505 
84.3663 
84.3751 
84.3815 
84.3869 
84.3994 
84.3949 
84.3979 
84.4047 
84.4196 
84.4331 
84.4328 
84.4576 
84.4594 
84.462 
84.476 
84.4907 
84.5018 
84.5156 
84.5001 
84.5289 
84.5388 
84.5421 
84.5416 
84.5421 
84.5353 
84.5406 
84.5445 
84.5583 
84.5624 
84.5579 
84.5482 
84.5481 
84.5592 
84.5791 
84.5739 
84.5931 
84.6009 
84.6065 
84.5948 
84.589 
84.5886 
84.5827 
84.5919 
84.5945 
84.6077 
84.6158 
84.62 
84.633 
84.634 
84.6408 
84.6542 
84.6464 
84.6611 
84.6665 
84.6721 
84.6845 
84.6974 
84.682 
84.6651 
84.6788 
84.6811 
84.6775 
84.6751 
84.6967 
84.7019 
84.6963 
84.7106 
84.717 
84.7162 
84.7243 
84.7205 
84.7234 
84.7262 
84.753 
84.7532 
84.7537 
84.7579 
84.7638 
84.7839 
84.7887 
84.7973 
84.7994 
84.7996 
84.803 
84.8224 
84.8246 
84.829 
84.8204 
84.8215 
84.8191 
84.8262 
84.8289 
84.8496 
84.8478 
84.8508 
84.8608 
84.8659 
84.867 
84.8677 
84.8999 
84.9044 
84.9157 
84.9156 
84.916 
84.9202 
84.9214 
84.9282 
84.9349 
84.9459 
84.958 
84.9629 
84.9563 
84.9428 
84.9449 
84.9543 
84.9559 
84.9574 
84.9719 
84.975 
84.9958 
84.9991 
85.0086 
85.024 
85.0417 
85.0683 
85.0652 
85.0482 
85.0508 
85.0645 
85.0601 
85.073 
85.0761 
85.0809 
85.0833 
85.0944 
85.0885 
85.0811 
85.0908 
85.1042 
85.1094 
85.11 
85.1122 
85.1171 
85.1215 
85.1182 
85.1285 
85.1359 
85.1495 
85.154 
85.1598 
85.1658 
85.1723 
85.1782 
85.1643 
85.1759 
85.1801 
85.193 
85.188 
85.1896 
85.2012 
85.2094 
85.1919 
85.1893 
85.1909 
85.1853 
85.1994 
85.2052 
85.2108 
85.207 
85.2036 
85.2315 
85.2473 
85.27 
85.2804 
85.2941 
85.3047 
85.2954 
85.311 
85.3262 
85.3374 
85.3299 
85.3265 
85.3123 
85.3229 
85.3499 
85.3526 
85.3733 
85.3844 
85.3809 
85.3822 
85.3825 
85.3868 
85.3807 
85.3891 
85.3955 
85.4081 
85.4237 
85.4277 
85.4271 
85.4283 
85.4411 
85.4809 
85.4706 
85.4722 
85.4954 
85.5 
85.5135 
85.5262 
85.5437 
85.5518 
85.5406 
85.5415 
85.555 
85.575 
85.5884 
85.586 
85.5984 
85.6091 
85.6138 
85.6236 
85.6391 
85.6306 
85.6369 
85.64 
85.6482 
85.6401 
85.6485 
85.6483 
85.6508 
85.6437 
85.6518 
85.6563 
85.6625 
85.6618 
85.6648 
85.6681 
85.6749 
85.6895 
85.7046 
85.7085 
85.7296 
85.743 
85.7658 
85.7601 
85.7521 
85.7614 
85.7802 
85.7763 
85.784 
85.7713 
85.7864 
85.7837 
85.8015 
85.8032 
85.8208 
85.8225 
85.8328 
85.8374 
85.8534 
85.8654 
85.8615 
85.856 
85.8647 
85.8716 
85.8765 
85.8891 
85.8823 
85.8938 
85.8935 
85.901 
85.9252 
85.9123 
85.9298 
85.9336 
85.9348 
85.9452 
85.9654 
85.9752 
85.9792 
85.9905 
86.0039 
86.0024 
86.0094 
86.0157 
86.0198 
86.0221 
86.0123 
86.0178 
86.0284 
86.0296 
86.0427 
86.0363 
86.0458 
86.0631 
86.0748 
86.078 
86.0965 
86.1053 
86.0999 
86.1108 
86.1185 
86.1244 
86.1245 
86.1408 
86.1649 
86.1645 
86.1619 
86.1597 
86.1538 
86.1467 
86.1446 
86.1638 
86.182 
86.1912 
86.1901 
86.1933 
86.2009 
86.207 
86.2121 
86.2204 
86.2333 
86.247 
86.264 
86.2544 
86.2617 
86.2722 
86.2651 
86.2792 
86.2826 
86.281 
86.2867 
86.2864 
86.2908 
86.3023 
86.3102 
86.3311 
86.3505 
86.3498 
86.3562 
86.3615 
86.3589 
86.3566 
86.3649 
86.3783 
86.3692 
86.3822 
86.3874 
86.4013 
86.4273 
86.4351 
86.4494 
86.4548 
86.4666 
86.4666 
86.4751 
86.4768 
86.4949 
86.4905 
86.4981 
86.4971 
86.4983 
86.496 
86.5118 
86.5152 
86.5193 
86.5281 
86.5154 
86.5241 
86.5245 
86.538 
86.5502 
86.5524 
86.5671 
86.5763 
86.5634 
86.5569 
86.5563 
86.5646 
86.5623 
86.5695 
86.5591 
86.5679 
86.5787 
86.6117 
86.6078 
86.6259 
86.6378 
86.6451 
86.6467 
86.6469 
86.6463 
86.6406 
86.6609 
86.6593 
86.6941 
86.6968 
86.6972 
86.7034 
86.6952 
86.7059 
86.7036 
86.7345 
86.7435 
86.7796 
86.7984 
86.7955 
86.7944 
86.7942 
86.7985 
86.7998 
86.8078 
86.8176 
86.8074 
86.8151 
86.8239 
86.8251 
86.8188 
86.8376 
86.8442 
86.8665 
86.8498 
86.8628 
86.8632 
86.8647 
86.8682 
86.8695 
86.868 
86.8698 
86.8665 
86.867 
86.8755 
86.8768 
86.8798 
86.8872 
86.8984 
86.9034 
86.9127 
86.9172 
86.9257 
86.9401 
86.9352 
86.9481 
86.9396 
86.9526 
86.9592 
86.9499 
86.9609 
86.9716 
86.9663 
86.9753 
86.9733 
86.9726 
86.9898 
86.9888 
86.9812 
86.9862 
86.9903 
86.9963 
86.9965 
87.0031 
87.0204 
87.0328 
87.0355 
87.0506 
87.056 
87.0446 
87.0371 
87.0582 
87.0676 
87.0821 
87.0806 
87.0725 
87.094 
87.0972 
87.1136 
87.1243 
87.1242 
87.133 
87.1409 
87.1556 
87.1734 
87.1878 
87.1829 
87.1975 
87.2044 
87.2274 
87.2337 
87.2375 
87.2342 
87.2382 
87.2543 
87.2653 
87.2665 
87.2567 
87.2727 
87.2789 
87.285 
87.2884 
87.2807 
87.2789 
87.2934 
87.2692 
87.2671 
87.2756 
87.2857 
87.2826 
87.2955 
87.3045 
87.308 
87.3216 
87.3303 
87.3426 
87.3434 
87.3475 
87.3636 
87.3623 
87.3804 
87.3806 
87.3963 
87.3989 
87.4078 
87.4142 
87.4278 
87.4403 
87.4404 
87.4495 
87.4666 
87.4652 
87.472 
87.4928 
87.4952 
87.4828 
87.4855 
87.4892 
87.4864 
87.5 
87.4997 
87.5007 
87.5116 
87.5226 
87.5308 
87.5336 
87.5544 
87.5495 
87.561 
87.5417 
87.5365 
87.5319 
87.5521 
87.5421 
87.5505 
87.5587 
87.5637 
87.5538 
87.5801 
87.5931 
87.6031 
87.6298 
87.6431 
87.6439 
87.6494 
87.6376 
87.6548 
87.6531 
87.651 
87.6754 
87.6624 
87.6828 
87.7022 
87.693 
87.7094 
87.7178 
87.7188 
87.7116 
87.7345 
87.7396 
87.744 
87.739 
87.7399 
87.753 
87.7594 
87.7651 
87.7665 
87.7803 
87.7936 
87.8097 
87.8195 
87.8311 
87.8307 
87.822 
87.8311 
87.8395 
87.8401 
87.8544 
87.8448 
87.8541 
87.8788 
87.8913 
87.8929 
87.8979 
87.898 
87.9176 
87.9184 
87.9363 
87.9347 
87.9379 
87.9349 
87.9391 
87.9359 
87.9313 
87.9398 
87.9363 
87.9358 
87.9427 
87.969 
87.9791 
88.0091 
88.0274 
88.0331 
88.0286 
88.0419 
88.0583 
88.0487 
88.0452 
88.08 
88.0952 
88.0925 
88.1074 
88.1094 
88.109 
88.1044 
88.1297 
88.1395 
88.1563 
88.1558 
88.1523 
88.1578 
88.1564 
88.165 
88.1689 
88.1771 
88.186 
88.1978 
88.2088 
88.2289 
88.2241 
88.2179 
88.2234 
88.2336 
88.2215 
88.2322 
88.2447 
88.2461 
88.261 
88.2475 
88.2571 
88.2561 
88.2693 
88.2826 
88.2984 
88.2984 
88.2972 
88.3004 
88.3005 
88.3178 
88.3381 
88.3366 
88.3489 
88.3579 
88.3461 
88.3622 
88.3747 
88.3955 
88.4033 
88.4149 
88.4165 
88.422 
88.4342 
88.46 
88.4662 
88.4836 
88.4911 
88.4961 
88.5011 
88.5037 
88.4944 
88.4949 
88.4939 
88.4957 
88.5184 
88.5324 
88.5347 
88.5374 
88.5364 
88.5419 
88.5538 
88.5676 
88.5865 
88.5872 
88.5782 
88.6036 
88.6116 
88.6025 
88.595 
88.5983 
88.6088 
88.6252 
88.6247 
88.6322 
88.6468 
88.6629 
88.6557 
88.6754 
88.6914 
88.6886 
88.6768 
88.6716 
88.677 
88.6903 
88.6985 
88.7108 
88.731 
88.727 
88.7398 
88.723 
88.7248 
88.729 
88.7309 
88.7471 
88.7331 
88.753 
88.7629 
88.782 
88.7781 
88.7767 
88.7725 
88.78 
88.7795 
88.7817 
88.7936 
88.7905 
88.8009 
88.791 
88.7913 
88.8004 
88.8003 
88.8102 
88.8256 
88.8285 
88.8231 
88.822 
88.8183 
88.8364 
88.8385 
88.8328 
88.8317 
88.8341 
88.8398 
88.8461 
88.8441 
88.8528 
88.8639 
88.8838 
88.8931 
88.9034 
88.9173 
88.9271 
88.9391 
88.9367 
88.9317 
88.9418 
88.9615 
88.9666 
88.9779 
88.9771 
88.9916 
88.9887 
88.999 
89.0076 
89.0105 
89.0097 
89.0127 
89.0135 
89.0186 
89.022 
89.0535 
89.0802 
89.0744 
89.0794 
89.0904 
89.0796 
89.0898 
89.0902 
89.1033 
89.1083 
89.1206 
89.128 
89.1259 
89.1385 
89.1521 
89.1493 
89.1499 
89.1594 
89.1573 
89.1628 
89.1631 
89.1772 
89.1769 
89.1748 
89.1843 
89.1869 
89.2004 
89.1849 
89.1834 
89.1853 
89.185 
89.2073 
89.2141 
89.2317 
89.2425 
89.2432 
89.2534 
89.2732 
89.29 
89.3008 
89.3119 
89.3219 
89.3141 
89.3116 
89.3044 
89.3099 
89.3145 
89.3113 
89.3241 
89.3172 
89.3002 
89.292 
89.2987 
89.3029 
89.3201 
89.3381 
89.3646 
89.3644 
89.3757 
89.3739 
89.3911 
89.3934 
89.4056 
89.4113 
89.4189 
89.4209 
89.4251 
89.4325 
89.4325 
89.4283 
89.4468 
89.4483 
89.4612 
89.4747 
89.4679 
89.4747 
89.4885 
89.4992 
89.5011 
89.5126 
89.5313 
89.5334 
89.5432 
89.5508 
89.5378 
89.5565 
89.5508 
89.5554 
89.5557 
89.5613 
89.5606 
89.572 
89.5708 
89.568 
89.5824 
89.5902 
89.5975 
89.5797 
89.5928 
89.5781 
89.587 
89.6075 
89.6457 
89.6687 
89.666 
89.6637 
89.6526 
89.6464 
89.6391 
89.6375 
89.6357 
89.6369 
89.6453 
89.6479 
89.6439 
89.6541 
89.6587 
89.6676 
89.6765 
89.6899 
89.685 
89.7055 
89.7049 
89.7119 
89.7249 
89.7379 
89.7583 
89.7647 
89.7407 
89.7613 
89.7654 
89.7675 
89.7685 
89.7622 
89.7733 
89.7765 
89.7814 
89.7801 
89.7996 
89.8019 
89.7969 
89.8166 
89.8311 
89.8457 
89.8558 
89.8579 
89.8716 
89.8768 
89.8862 
89.8845 
89.894 
89.9029 
89.9078 
89.9147 
89.9252 
89.938 
89.9397 
89.9463 
89.9305 
89.9382 
89.9269 
89.9244 
89.9105 
89.9076 
89.9208 
89.918 
89.9233 
89.9184 
89.9084 
89.9262 
89.9137 
89.9219 
89.9339 
89.9249 
89.9307 
89.94 
89.941 
89.9383 
89.9452 
89.9646 
89.9707 
89.963 
89.9627 
89.9866 
89.9979 
89.9872 
90.0111 
90.0372 
90.0477 
90.0644 
90.079 
90.0823 
90.071 
90.0852 
90.0894 
90.0819 
90.0962 
90.0955 
90.1043 
90.1111 
90.1134 
90.124 
90.1302 
90.1601 
90.151 
90.1518 
90.1567 
90.1571 
90.1675 
90.18 
90.1901 
90.1899 
90.1937 
90.2026 
90.2069 
90.1969 
90.2034 
90.2 
90.2104 
90.2243 
90.2215 
90.2315 
90.251 
90.234 
90.2272 
90.2458 
90.2464 
90.2389 
90.2428 
90.2388 
90.2587 
90.2513 
90.2581 
90.2726 
90.2873 
90.281 
90.292 
90.2958 
90.3048 
90.3222 
90.32 
90.3212 
90.334 
90.348 
90.343 
90.3307 
90.3476 
90.353 
90.3509 
90.3509 
90.3546 
90.3453 
90.3596 
90.3681 
90.3694 
90.3749 
90.3856 
90.4003 
90.4058 
90.4112 
90.4315 
90.4248 
90.4302 
90.4323 
90.4302 
90.4458 
90.4407 
90.4719 
90.4651 
90.4882 
90.5067 
90.5117 
90.5229 
90.5298 
90.5499 
90.575 
90.5926 
90.5995 
90.596 
90.6017 
90.5908 
90.5969 
90.5914 
90.5942 
90.6116 
90.6091 
90.6308 
90.6374 
90.6492 
90.666 
90.6732 
90.6719 
90.6783 
90.6914 
90.6768 
90.6725 
90.6754 
90.6936 
90.7095 
90.7025 
90.7155 
90.7181 
90.7253 
90.7298 
90.7367 
90.7386 
90.754 
90.7509 
90.7534 
90.7683 
90.7811 
90.7923 
90.7814 
90.8037 
90.8183 
90.8141 
90.8084 
90.8193 
90.8367 
90.8446 
90.8647 
90.8898 
90.8837 
90.9005 
90.8938 
90.8981 
90.9066 
90.9287 
90.933 
90.9457 
90.9544 
90.9488 
90.9447 
90.943 
90.9342 
90.9279 
90.9453 
90.9668 
90.9803 
90.9708 
90.9667 
90.9723 
90.9709 
90.9787 
90.9723 
90.9626 
90.9734 
90.9769 
90.9952 
91.0255 
91.0209 
91.024 
91.0444 
91.0625 
91.0533 
91.0609 
91.0635 
91.0626 
91.0734 
91.0907 
91.097 
91.101 
91.0933 
91.0959 
91.0867 
91.0933 
91.1189 
91.1236 
91.1178 
91.1251 
91.126 
91.1465 
91.1462 
91.1436 
91.1498 
91.1631 
91.1712 
91.1877 
91.1971 
91.2139 
91.2235 
91.2309 
91.2418 
91.2435 
91.2609 
91.2737 
91.2979 
91.2963 
91.3062 
91.3003 
91.3231 
91.3449 
91.3478 
91.3565 
91.3696 
91.3698 
91.3769 
91.4028 
91.3906 
91.3944 
91.3972 
91.4019 
91.4109 
91.4459 
91.4586 
91.4637 
91.4694 
91.4813 
91.5133 
91.5373 
91.5286 
91.5285 
91.5248 
91.5278 
91.5411 
91.5514 
91.5491 
91.5475 
91.5494 
91.559 
91.565 
91.5772 
91.5957 
91.5935 
91.6175 
91.6263 
91.6336 
91.6337 
91.6469 
91.6401 
91.6337 
91.6474 
91.6608 
91.6821 
91.6981 
91.6969 
91.6791 
91.6916 
91.6997 
91.7139 
91.7182 
91.7327 
91.7326 
91.7238 
91.7184 
91.7133 
91.719 
91.7303 
91.7446 
91.7524 
91.7579 
91.7619 
91.7813 
91.7788 
91.784 
91.782 
91.7925 
91.7981 
91.8112 
91.824 
91.8393 
91.8356 
91.8627 
91.8784 
91.8955 
91.8923 
91.8956 
91.9063 
91.9105 
91.9327 
91.9247 
91.9357 
91.9441 
91.9468 
91.9657 
91.968 
91.9886 
91.9996 
92.0198 
92.0378 
92.0335 
92.0402 
92.0375 
92.0428 
92.0256 
92.0515 
92.0692 
92.0995 
92.106 
92.1086 
92.1169 
92.1271 
92.1286 
92.1517 
92.1402 
92.1734 
92.1718 
92.1688 
92.1804 
92.1982 
92.2132 
92.2114 
92.236 
92.2394 
92.2467 
92.2576 
92.2572 
92.2756 
92.3103 
92.3452 
92.3528 
92.3758 
92.3772 
92.4069 
92.4055 
92.4134 
92.4275 
92.4474 
92.4381 
92.4344 
92.4359 
92.4523 
92.4548 
92.46 
92.4596 
92.4509 
92.4592 
92.4534 
92.4655 
92.4747 
92.4877 
92.5047 
92.504 
92.5397 
92.5549 
92.5603 
92.5598 
92.5461 
92.5607 
92.5728 
92.5748 
92.5699 
92.5819 
92.5938 
92.6046 
92.5868 
92.6131 
92.6274 
92.6271 
92.6377 
92.6262 
92.6502 
92.6326 
92.6557 
92.659 
92.6722 
92.6637 
92.66 
92.6767 
92.6776 
92.7017 
92.7112 
92.7159 
92.737 
92.7399 
92.7499 
92.7624 
92.7632 
92.775 
92.7928 
92.7837 
92.799 
92.7965 
92.8149 
92.83 
92.8293 
92.8428 
92.8494 
92.8721 
92.8755 
92.9035 
92.9139 
92.9014 
92.9124 
92.9202 
92.926 
92.9453 
92.9652 
92.9588 
92.9552 
92.9597 
92.968 
92.9887 
92.9881 
92.9961 
93.0071 
93.018 
93.0411 
93.0488 
93.0496 
93.0414 
93.0299 
93.0353 
93.0336 
93.0213 
93.0256 
93.0329 
93.0421 
93.0436 
93.061 
93.064 
93.075 
93.0829 
93.0845 
93.078 
93.0759 
93.0776 
93.0837 
93.0806 
93.079 
93.0866 
93.08 
93.0962 
93.0934 
93.103 
93.0987 
93.0965 
93.1251 
93.1266 
93.132 
93.1261 
93.1488 
93.1377 
93.1744 
93.1816 
93.1997 
93.2123 
93.2217 
93.2173 
93.2338 
93.2184 
93.2252 
93.2389 
93.2465 
93.2315 
93.2535 
93.2627 
93.2545 
93.2467 
93.2564 
93.2785 
93.2965 
93.3059 
93.3114 
93.3168 
93.32 
93.3201 
93.3319 
93.3383 
93.342 
93.3448 
93.3512 
93.3468 
93.3542 
93.3576 
93.3661 
93.3792 
93.3929 
93.4096 
93.4133 
93.424 
93.4298 
93.4286 
93.43 
93.4303 
93.4376 
93.4506 
93.448 
93.4481 
93.4418 
93.4408 
93.4454 
93.4542 
93.4496 
93.4465 
93.4597 
93.4696 
93.4537 
93.4728 
93.4826 
93.4792 
93.4903 
93.4954 
93.4964 
93.4715 
93.4786 
93.4781 
93.4967 
93.4923 
93.5155 
93.5393 
93.5249 
93.5316 
93.5428 
93.5417 
93.5475 
93.5508 
93.5635 
93.5793 
93.5963 
93.6039 
93.6197 
93.6226 
93.6251 
93.6192 
93.6377 
93.6303 
93.6352 
93.6482 
93.6617 
93.6769 
93.6972 
93.7141 
93.7297 
93.7567 
93.7515 
93.7316 
93.7383 
93.7268 
93.7331 
93.7472 
93.7477 
93.7667 
93.7674 
93.7544 
93.7686 
93.7817 
93.7869 
93.7925 
93.7981 
93.7981 
93.804 
93.8088 
93.7951 
93.8053 
93.7858 
93.7692 
93.7637 
93.7605 
93.7673 
93.7757 
93.793 
93.802 
93.8143 
93.8426 
93.8267 
93.8249 
93.8356 
93.8476 
93.8506 
93.8751 
93.8807 
93.8778 
93.8637 
93.8608 
93.8601 
93.8591 
93.8491 
93.8751 
93.892 
93.8759 
93.8849 
93.8902 
93.8826 
93.8882 
93.8893 
93.8992 
93.8927 
93.9109 
93.9305 
93.9532 
93.956 
93.951 
93.9557 
93.9619 
93.9636 
93.9756 
93.9753 
93.9842 
94 
93.9894 
94.0106 
93.9989 
94.0115 
94.0211 
94.0321 
94.0432 
94.0552 
94.0825 
94.0939 
94.102 
94.1032 
94.1111 
94.1231 
94.1371 
94.1342 
94.1143 
94.1226 
94.132 
94.1154 
94.1421 
94.1617 
94.1688 
94.1621 
94.1368 
94.1458 
94.1362 
94.1411 
94.1307 
94.1408 
94.1226 
94.118 
94.1038 
94.1119 
94.1039 
94.1095 
94.1118 
94.1118 
94.1164 
94.119 
94.1119 
94.1294 
94.115 
94.1142 
94.1295 
94.1512 
94.1613 
94.1679 
94.173 
94.1674 
94.179 
94.1939 
94.2009 
94.207 
94.1992 
94.2018 
94.2157 
94.2098 
94.2032 
94.1952 
94.1935 
94.205 
94.2099 
94.2201 
94.2376 
94.2557 
94.256 
94.2575 
94.278 
94.2729 
94.2846 
94.2836 
94.2935 
94.2945 
94.2977 
94.3151 
94.3084 
94.312 
94.3199 
94.3111 
94.3163 
94.3202 
94.3199 
94.3406 
94.356 
94.3586 
94.3747 
94.3945 
94.4205 
94.4162 
94.4218 
94.4194 
94.4204 
94.4326 
94.4311 
94.4449 
94.4525 
94.4699 
94.4735 
94.4736 
94.4842 
94.4987 
94.4968 
94.4973 
94.503 
94.5155 
94.515 
94.5229 
94.5262 
94.5116 
94.5409 
94.5261 
94.5322 
94.5284 
94.5352 
94.5354 
94.5286 
94.5383 
94.5335 
94.5427 
94.5379 
94.5411 
94.5462 
94.547 
94.5499 
94.558 
94.5524 
94.5475 
94.5421 
94.5516 
94.5625 
94.5792 
94.6037 
94.6248 
94.6291 
94.6456 
94.6694 
94.6801 
94.6903 
94.6884 
94.6871 
94.6857 
94.6883 
94.6905 
94.6909 
94.6861 
94.6982 
94.7177 
94.7155 
94.7401 
94.749 
94.7492 
94.7494 
94.751 
94.7601 
94.7552 
94.7483 
94.749 
94.7612 
94.7742 
94.7639 
94.7721 
94.7696 
94.7761 
94.7816 
94.8067 
94.7935 
94.7772 
94.7785 
94.7874 
94.7936 
94.7911 
94.7917 
94.815 
94.8272 
94.8494 
94.8568 
94.8731 
94.8808 
94.891 
94.8774 
94.8958 
94.9146 
94.9029 
94.9145 
94.9154 
94.9287 
94.9307 
94.9507 
94.9771 
94.9729 
94.9639 
94.9601 
94.9757 
94.9731 
94.9837 
94.9903 
95.0013 
95.0192 
95.0166 
95.0244 
95.0316 
95.0342 
95.0321 
95.0525 
95.0598 
95.0861 
95.1017 
95.127 
95.1364 
95.1598 
95.1628 
95.168 
95.1804 
95.1839 
95.2033 
95.1933 
95.1897 
95.2074 
95.2276 
95.2451 
95.262 
95.27 
95.2735 
95.2964 
95.2861 
95.2757 
95.2791 
95.2821 
95.29 
95.2707 
95.2812 
95.2936 
95.2949 
95.2879 
95.2944 
95.3049 
95.2984 
95.3085 
95.3253 
95.3114 
95.2994 
95.3004 
95.2941 
95.3182 
95.3315 
95.334 
95.3551 
95.3576 
95.3606 
95.3477 
95.3466 
95.3564 
95.3559 
95.3612 
95.3552 
95.3586 
95.366 
95.3717 
95.3652 
95.3685 
95.3652 
95.3588 
95.3793 
95.3763 
95.3973 
95.3895 
95.3954 
95.3978 
95.4136 
95.4193 
95.4376 
95.46 
95.4708 
95.4623 
95.4818 
95.4739 
95.488 
95.4824 
95.5193 
95.5334 
95.5173 
95.5227 
95.5337 
95.5365 
95.5381 
95.5423 
95.5427 
95.5468 
95.5409 
95.5409 
95.5465 
95.561 
95.5697 
95.584 
95.5669 
95.5798 
95.5988 
95.6218 
95.6136 
95.6099 
95.613 
95.6059 
95.5997 
95.5992 
95.5993 
95.6006 
95.6148 
95.614 
95.631 
95.6326 
95.6399 
95.6397 
95.6397 
95.6421 
95.6512 
95.6528 
95.6539 
95.6473 
95.6495 
95.6517 
95.6491 
95.6654 
95.6737 
95.6829 
95.6875 
95.7024 
95.7166 
95.72 
95.7332 
95.7313 
95.7394 
95.7359 
95.7427 
95.7468 
95.7755 
95.7924 
95.8016 
95.8154 
95.8198 
95.8296 
95.8417 
95.8616 
95.8531 
95.8574 
95.8499 
95.8441 
95.8437 
95.8616 
95.8784 
95.8792 
95.8854 
95.9021 
95.9082 
95.9057 
95.9061 
95.9293 
95.9363 
95.9346 
95.9459 
95.9423 
95.9518 
95.9494 
95.9557 
95.9649 
95.979 
96.0026 
95.9892 
96.0044 
96.0082 
95.9847 
95.9952 
95.9997 
96.0004 
95.9899 
95.985 
96.0001 
95.999 
96.0085 
96.0069 
95.994 
96.0144 
96.028 
96.0282 
96.0192 
96.0362 
96.0497 
96.0625 
96.0736 
96.0852 
96.0895 
96.0825 
96.0917 
96.119 
96.1329 
96.1507 
96.1502 
96.1569 
96.1674 
96.1735 
96.1717 
96.1778 
96.1912 
96.2005 
96.2048 
96.2187 
96.217 
96.2168 
96.2055 
96.2174 
96.227 
96.2337 
96.2257 
96.2449 
96.2699 
96.2683 
96.2766 
96.2875 
96.2844 
96.293 
96.2735 
96.2734 
96.2706 
96.2582 
96.2741 
96.2752 
96.3012 
96.3019 
96.3084 
96.3188 
96.3171 
96.3128 
96.3275 
96.3322 
96.3433 
96.3436 
96.3401 
96.353 
96.3469 
96.3564 
96.3647 
96.3508 
96.3472 
96.3598 
96.3451 
96.3412 
96.346 
96.3456 
96.3466 
96.3542 
96.3682 
96.3665 
96.3745 
96.3673 
96.3746 
96.3852 
96.4042 
96.4185 
96.4001 
96.4119 
96.4158 
96.4194 
96.4106 
96.422 
96.4456 
96.4616 
96.4511 
96.4752 
96.4867 
96.4939 
96.5054 
96.5263 
96.5393 
96.5316 
96.5416 
96.5511 
96.5378 
96.5422 
96.5466 
96.5582 
96.5577 
96.5622 
96.5696 
96.5638 
96.5826 
96.5736 
96.5731 
96.5787 
96.5833 
96.5799 
96.5745 
96.5724 
96.5882 
96.5983 
96.6021 
96.6009 
96.6106 
96.6192 
96.6136 
96.6143 
96.6365 
96.6342 
96.6371 
96.643 
96.6361 
96.6385 
96.6411 
96.649 
96.6598 
96.665 
96.6575 
96.6587 
96.6863 
96.6904 
96.6872 
96.6939 
96.7011 
96.7028 
96.6852 
96.6923 
96.6947 
96.6963 
96.7103 
96.7127 
96.7264 
96.7249 
96.7237 
96.733 
96.7383 
96.7332 
96.7587 
96.7751 
96.7764 
96.7799 
96.7786 
96.7805 
96.7748 
96.7795 
96.7856 
96.7742 
96.7896 
96.7826 
96.7923 
96.7977 
96.8118 
96.8121 
96.8275 
96.8411 
96.8468 
96.8619 
96.8738 
96.8792 
96.8774 
96.8896 
96.9127 
96.9069 
96.9235 
96.9155 
96.9337 
96.9406 
96.9371 
96.9387 
96.9526 
96.9584 
96.955 
96.967 
96.9671 
96.9829 
96.9964 
96.9982 
97.0028 
97.0101 
97.0169 
97.0316 
97.0335 
97.0171 
97.0126 
97.021 
97.0292 
97.0316 
97.0204 
97.0352 
97.0344 
97.0521 
97.0577 
97.0665 
97.0777 
97.0624 
97.0489 
97.0521 
97.065 
97.0545 
97.056 
97.0591 
97.0654 
97.081 
97.0742 
97.0886 
97.0908 
97.0984 
97.0985 
97.1008 
97.11 
97.1394 
97.1548 
97.1713 
97.1648 
97.1666 
97.18 
97.1994 
97.1742 
97.1749 
97.1891 
97.2064 
97.2166 
97.2113 
97.2277 
97.2397 
97.2599 
97.2763 
97.2809 
97.2781 
97.3035 
97.3239 
97.3349 
97.3317 
97.3319 
97.3398 
97.3323 
97.3303 
97.3372 
97.3338 
97.3349 
97.332 
97.34 
97.3613 
97.3563 
97.3763 
97.4014 
97.4045 
97.3987 
97.4007 
97.4035 
97.4072 
97.4142 
97.4012 
97.4104 
97.4038 
97.4125 
97.4141 
97.4157 
97.4143 
97.4129 
97.4027 
97.4141 
97.3983 
97.4025 
97.4216 
97.4327 
97.4339 
97.4507 
97.4561 
97.4678 
97.4605 
97.4687 
97.4777 
97.5079 
97.5043 
97.4995 
97.5077 
97.5135 
97.5152 
97.5067 
97.5094 
97.5267 
97.5363 
97.537 
97.5247 
97.5391 
97.5412 
97.5468 
97.5496 
97.5509 
97.5572 
97.5665 
97.5677 
97.5589 
97.5537 
97.5618 
97.569 
97.5601 
97.5514 
97.5666 
97.581 
97.5975 
97.6031 
97.6052 
97.5999 
97.594 
97.5995 
97.6117 
97.6298 
97.6197 
97.6199 
97.6261 
97.6407 
97.6458 
97.6449 
97.6411 
97.6453 
97.6652 
97.6632 
97.6717 
97.6885 
97.6803 
97.6851 
97.6846 
97.7073 
97.702 
97.6962 
97.689 
97.7047 
97.7001 
97.6945 
97.7029 
97.7064 
97.7215 
97.7339 
97.7439 
97.7649 
97.7831 
97.7705 
97.7693 
97.7647 
97.7756 
97.7805 
97.7954 
97.7983 
97.8043 
97.8065 
97.8085 
97.8282 
97.8356 
97.8354 
97.8329 
97.8416 
97.8415 
97.8299 
97.8514 
97.8589 
97.8727 
97.8812 
97.9028 
97.9035 
97.923 
97.9329 
97.93 
97.9301 
97.937 
97.9479 
97.9542 
97.9611 
97.9763 
97.9909 
97.9896 
98.008 
98.014 
98.0107 
98.0155 
98.0215 
98.0388 
98.0385 
98.0512 
98.0777 
98.0772 
98.074 
98.0785 
98.0894 
98.1056 
98.1042 
98.1118 
98.1049 
98.0947 
98.1094 
98.1253 
98.1482 
98.1461 
98.1664 
98.1693 
98.16 
98.1775 
98.1777 
98.1801 
98.1897 
98.1911 
98.2016 
98.216 
98.2293 
98.2553 
98.2546 
98.2499 
98.2441 
98.2484 
98.2514 
98.2302 
98.2227 
98.2212 
98.2447 
98.2357 
98.2525 
98.2774 
98.2756 
98.2771 
98.2972 
98.3117 
98.3062 
98.3241 
98.3312 
98.3356 
98.3567 
98.3496 
98.3509 
98.3487 
98.3452 
98.3543 
98.3589 
98.3671 
98.3636 
98.3623 
98.3671 
98.3685 
98.3749 
98.3759 
98.3629 
98.3641 
98.3791 
98.3828 
98.367 
98.3756 
98.3878 
98.3897 
98.3941 
98.3867 
98.3781 
98.3805 
98.3887 
98.3928 
98.3949 
98.4108 
98.4242 
98.4192 
98.4322 
98.4323 
98.4239 
98.4425 
98.4424 
98.4504 
98.4404 
98.456 
98.4593 
98.4486 
98.4462 
98.4404 
98.4367 
98.4358 
98.4411 
98.45 
98.4391 
98.4602 
98.4657 
98.4452 
98.443 
98.4466 
98.4505 
98.4379 
98.4384 
98.4441 
98.4527 
98.4667 
98.472 
98.4697 
98.4698 
98.4737 
98.4623 
98.4605 
98.4603 
98.47 
98.4743 
98.4717 
98.4713 
98.4825 
98.4709 
98.4839 
98.4932 
98.4937 
98.5063 
98.5039 
98.4789 
98.4782 
98.4782 
98.4823 
98.5015 
98.4983 
98.5185 
98.5466 
98.5549 
98.5757 
98.5673 
98.5655 
98.5904 
98.5904 
98.5895 
98.606 
98.6199 
98.6146 
98.6078 
98.6122 
98.6298 
98.6352 
98.6385 
98.6311 
98.6412 
98.6426 
98.6575 
98.6709 
98.6727 
98.6735 
98.6847 
98.6954 
98.7224 
98.7265 
98.7414 
98.7453 
98.742 
98.7458 
98.7666 
98.7606 
98.7561 
98.7597 
98.7634 
98.7726 
98.7843 
98.7829 
98.7926 
98.7929 
98.7965 
98.8246 
98.8164 
98.8245 
98.8131 
98.8077 
98.8003 
98.8085 
98.8068 
98.8004 
98.8173 
98.8234 
98.8234 
98.8167 
98.8314 
98.8332 
98.831 
98.8378 
98.8518 
98.8589 
98.8532 
98.8494 
98.8434 
98.8369 
98.8576 
98.8506 
98.8568 
98.8729 
98.8856 
98.8941 
98.9021 
98.9033 
98.8891 
98.8865 
98.8981 
98.9056 
98.9097 
98.9302 
98.9423 
98.9356 
98.9332 
98.9266 
98.9355 
98.9436 
98.9593 
98.9593 
98.9551 
98.9474 
98.9391 
98.9557 
98.965 
98.9681 
98.9833 
98.978 
98.9832 
98.9797 
98.9818 
98.9859 
98.988 
98.9932 
99.0043 
99.0081 
99.047 
99.0423 
99.0497 
99.0678 
99.0851 
99.0842 
99.0801 
99.1002 
99.1056 
99.109 
99.1259 
99.1407 
99.1388 
99.1329 
99.1469 
99.1489 
99.147 
99.1492 
99.1596 
99.1811 
99.1836 
99.1967 
99.1875 
99.1742 
99.1937 
99.2068 
99.2154 
99.2124 
99.2059 
99.2161 
99.217 
99.2339 
99.2377 
99.2463 
99.2502 
99.2731 
99.2764 
99.2723 
99.287 
99.2854 
99.2893 
99.3041 
99.3038 
99.2911 
99.3124 
99.3176 
99.3263 
99.3299 
99.3179 
99.3225 
99.3166 
99.3194 
99.3298 
99.3469 
99.3464 
99.3517 
99.3775 
99.3905 
99.391 
99.3941 
99.4088 
99.4205 
99.4144 
99.4228 
99.4537 
99.4804 
99.4836 
99.502 
99.5221 
99.5416 
99.5636 
99.5764 
99.5758 
99.5855 
99.5945 
99.5915 
99.5876 
99.6001 
99.5931 
99.5972 
99.5929 
99.6024 
99.6139 
99.6152 
99.6203 
99.6211 
99.6103 
99.6086 
99.6122 
99.6165 
99.6285 
99.6162 
99.6177 
99.6131 
99.6217 
99.619 
99.6132 
99.6201 
99.6189 
99.6278 
99.6308 
99.633 
99.6446 
99.6261 
99.6334 
99.6366 
99.6391 
99.6655 
99.6725 
99.6638 
99.6563 
99.6584 
99.6749 
99.6898 
99.6842 
99.6869 
99.6966 
99.6972 
99.7004 
99.7194 
99.7314 
99.7424 
99.7439 
99.746 
99.7632 
99.7622 
99.7616 
99.7622 
99.7662 
99.7736 
99.7831 
99.7777 
99.8 
99.7941 
99.7946 
99.7803 
99.7822 
99.7959 
99.8034 
99.8121 
99.821 
99.8152 
99.7977 
99.8002 
99.8057 
99.8031 
99.7996 
99.8058 
99.8234 
99.8373 
99.8296 
99.8258 
99.8318 
99.8394 
99.8429 
99.8325 
99.8253 
99.8156 
99.8077 
99.8177 
99.8242 
99.8341 
99.8454 
99.8392 
99.8416 
99.8313 
99.8479 
99.8724 
99.866 
99.8731 
99.8755 
99.8868 
99.8881 
99.8825 
99.8969 
99.9045 
99.9038 
99.9183 
99.9294 
99.9413 
99.959 
99.951 
99.9495 
99.9404 
99.9505 
99.9541 
99.9669 
99.9659 
99.9593 
99.9729 
