98 
48 
56 
76 
68 
55 
54 
50 
57 
69 
63 
74 
79 
98 
103 
115 
113 
114 
128 
114 
127 
143 
134 
148 
146 
147 
203 
217 
264 
309 
336 
374 
386 
410 
435 
476 
581 
667 
709 
737 
766 
827 
957 
1021 
1102 
1226 
1367 
1476 
1634 
1771 
1943 
2138 
2440 
2667 
2859 
3109 
3315 
3526 
3704 
4021 
4414 
4655 
5015 
5383 
5864 
6274 
6660 
7088 
7663 
8213 
8554 
9129 
9803 
10385 
11055 
11821 
12387 
13087 
13740 
14773 
15574 
16539 
17679 
18636 
19582 
20826 
21992 
23441 
24661 
26111 
27389 
28883 
30488 
31939 
33339 
34961 
36992 
38823 
40745 
42846 
44798 
47210 
49497 
51507 
53705 
56084 
58582 
61472 
64188 
67277 
70161 
73132 
75593 
79285 
82941 
86396 
89991 
93794 
97128 
101337 
105369 
109192 
113331 
117645 
121975 
126861 
130447 
135093 
140114 
144834 
150069 
154663 
160104 
166198 
171033 
176243 
182523 
187577 
193096 
198646 
204475 
210416 
217520 
223516 
230399 
238284 
244600 
249998 
256166 
263070 
269614 
277013 
282774 
290891 
297337 
304763 
312606 
323076 
324862 
322622 
312723 
305681 
297898 
289391 
281131 
274150 
267119 
260093 
252812 
246612 
239223 
232624 
226225 
219107 
213257 
207548 
201069 
195047 
189300 
183396 
178500 
173505 
167641 
161627 
156480 
151676 
146925 
141574 
137588 
133270 
128220 
124012 
119997 
115723 
111834 
107759 
104022 
100414 
97022 
93351 
89720 
86442 
83414 
80083 
77355 
74462 
71664 
68176 
65503 
62407 
60520 
57798 
55651 
52882 
50996 
48550 
46493 
44874 
42811 
40758 
38721 
36385 
35092 
33315 
31681 
30233 
28644 
27225 
25869 
24752 
23237 
22043 
20913 
19929 
18713 
17560 
16439 
15357 
14737 
13756 
12932 
12179 
11432 
10867 
10205 
9466 
8918 
8324 
7684 
7240 
6900 
6282 
5832 
5509 
5071 
4603 
4219 
3926 
3658 
3490 
3179 
3032 
2678 
2533 
2307 
2068 
1950 
1843 
1690 
1514 
1351 
1235 
1127 
1093 
1045 
919 
891 
775 
725 
689 
630 
579 
495 
438 
414 
358 
341 
312 
282 
240 
230 
205 
186 
174 
174 
163 
153 
128 
133 
111 
102 
111 
92 
86 
68 
53 
55 
51 
34 
38 
40 
34 
30 
25 
10 
17 
22 
16 
12 
5 
4 
6 
3 
2 
1 
3 
1 
3.16228 
4.47276 
6.05601 
7.44367 
8.77914 
10.007 
11.1198 
12.2294 
13.2447 
14.1973 
15.1062 
15.9739 
16.8564 
17.6766 
18.5048 
19.2898 
20.0197 
20.6929 
21.4088 
22.083 
22.7796 
23.4181 
24.0301 
24.6421 
25.2642 
25.8799 
26.4744 
27.0585 
27.6174 
28.1906 
28.7124 
29.276 
29.8055 
30.3538 
30.8776 
31.415 
31.9492 
32.4281 
32.8893 
33.3722 
33.8721 
34.357 
34.8417 
35.3338 
35.8034 
36.2624 
36.7409 
37.2199 
37.6423 
38.0834 
38.526 
38.9711 
39.4219 
39.873 
40.2643 
40.6828 
41.0983 
41.4899 
41.9 
42.2779 
42.6714 
43.0849 
43.4998 
43.8975 
44.26 
44.6409 
45.0407 
45.4415 
45.8211 
46.2233 
46.6074 
46.966 
47.3474 
47.7332 
48.1019 
48.4741 
48.8614 
49.2329 
49.5957 
49.9348 
50.2761 
50.6294 
50.9654 
51.3284 
51.6724 
51.9976 
52.3394 
52.6571 
52.9827 
53.3364 
53.6901 
54.014 
54.387 
54.7496 
55.1126 
55.4241 
55.7414 
56.0781 
56.3928 
56.6987 
57.0074 
57.3155 
57.6368 
57.9718 
58.2764 
58.5819 
58.9133 
59.2353 
59.5653 
59.8947 
60.229 
60.5237 
60.8733 
61.2141 
61.55 
61.8689 
62.189 
62.4691 
62.7946 
63.1002 
63.4098 
63.7517 
64.0745 
64.3957 
64.7233 
64.9906 
65.2957 
65.5591 
65.8371 
66.095 
66.3845 
66.6649 
66.963 
67.2538 
67.5683 
67.8387 
68.0906 
68.3812 
68.6571 
68.9344 
69.2385 
69.5108 
69.7602 
70.0435 
70.3729 
70.6927 
70.986 
71.2925 
71.5592 
71.8406 
72.1487 
72.4413 
72.7152 
72.9928 
73.2575 
73.5468 
73.8318 
74.1245 
74.4253 
74.6707 
74.962 
75.2469 
75.4748 
75.6988 
75.9722 
76.243 
76.5023 
76.7481 
77.0013 
77.2838 
77.5386 
77.7837 
78.0436 
78.2971 
78.511 
78.755 
79.0174 
79.2652 
79.5303 
79.7932 
80.0355 
80.3467 
80.6385 
80.891 
81.1091 
81.3568 
81.5907 
81.8157 
82.0548 
82.3095 
82.5463 
82.7798 
83.0099 
83.2524 
83.472 
83.7491 
83.9954 
84.2434 
84.4747 
84.6914 
84.9217 
85.1584 
85.4326 
85.7217 
85.9901 
86.2514 
86.5114 
86.7596 
87.016 
87.3091 
87.6038 
87.8684 
88.1355 
88.3977 
88.6576 
88.8693 
89.1191 
89.3432 
89.6124 
89.8452 
90.0932 
90.3336 
90.5613 
90.7818 
90.9445 
91.158 
91.4029 
91.6083 
91.8268 
92.0018 
92.1916 
92.4159 
92.6333 
92.8634 
93.104 
93.3342 
93.5564 
93.8183 
94.0466 
94.2917 
94.5211 
94.7076 
94.9114 
95.1191 
95.327 
95.5506 
95.7394 
95.9498 
96.1785 
96.4003 
96.5929 
96.7923 
97.0362 
97.2657 
97.4734 
97.6982 
97.9201 
98.1061 
98.2938 
98.5268 
98.7339 
98.9435 
99.1594 
99.3815 
99.5909 
99.8232 
100.028 
100.27 
100.493 
100.712 
100.941 
101.162 
101.354 
101.548 
101.768 
101.962 
102.162 
102.401 
102.628 
102.871 
103.125 
103.317 
103.526 
103.708 
103.902 
104.104 
104.329 
104.508 
104.719 
104.952 
105.177 
105.399 
105.648 
105.85 
106.077 
106.262 
106.432 
106.624 
106.818 
107.05 
107.246 
107.451 
107.647 
107.817 
108.011 
108.225 
108.412 
108.568 
108.71 
108.916 
109.133 
109.328 
109.524 
109.718 
109.924 
110.143 
110.348 
110.54 
110.744 
110.938 
111.15 
111.35 
111.541 
111.746 
111.96 
112.176 
112.347 
112.543 
112.715 
112.876 
113.044 
113.214 
113.412 
113.573 
113.758 
113.948 
114.161 
114.389 
114.599 
114.78 
114.977 
115.142 
115.323 
115.499 
115.662 
115.821 
115.921 
116.086 
116.26 
116.45 
116.633 
116.827 
117.047 
117.272 
117.46 
117.669 
117.86 
118.051 
118.25 
118.431 
118.617 
118.824 
119.021 
119.217 
119.384 
119.591 
119.808 
120.006 
120.177 
120.401 
120.594 
120.793 
120.957 
121.158 
121.313 
121.486 
121.643 
121.796 
121.974 
122.156 
122.36 
122.548 
122.717 
122.909 
123.113 
123.333 
123.5 
123.659 
123.866 
124.085 
124.273 
124.447 
124.623 
124.799 
124.975 
125.141 
125.291 
125.444 
125.584 
125.777 
126.003 
126.203 
126.402 
126.57 
126.743 
126.913 
127.08 
127.294 
127.491 
127.664 
127.818 
128.012 
128.178 
128.347 
128.52 
128.684 
128.867 
129.02 
129.182 
129.307 
129.434 
129.619 
129.793 
130.002 
130.168 
130.333 
130.506 
130.685 
130.842 
131.025 
131.197 
131.34 
131.48 
131.678 
131.835 
131.988 
132.136 
132.33 
132.489 
132.623 
132.751 
132.902 
133.044 
133.185 
133.341 
133.501 
133.633 
133.738 
133.862 
134.059 
134.248 
134.413 
134.559 
134.714 
134.88 
135.032 
135.207 
135.41 
135.606 
135.784 
135.976 
136.18 
136.349 
136.504 
136.65 
136.792 
136.951 
137.105 
137.292 
137.453 
137.639 
137.789 
137.938 
138.103 
138.283 
138.489 
138.665 
138.834 
138.99 
139.154 
139.317 
139.468 
139.644 
139.808 
139.978 
140.139 
140.34 
140.509 
140.704 
140.86 
141.007 
141.18 
141.35 
141.533 
141.689 
141.871 
142.043 
142.187 
142.363 
142.533 
142.698 
142.863 
143.016 
143.178 
143.346 
143.5 
143.674 
143.853 
143.997 
144.171 
144.344 
144.478 
144.616 
144.759 
144.951 
145.104 
145.236 
145.407 
145.568 
145.752 
145.914 
146.068 
146.195 
146.324 
146.472 
146.604 
146.758 
146.9 
147.026 
147.161 
147.318 
147.493 
147.677 
147.832 
147.994 
148.148 
148.302 
148.443 
148.587 
148.747 
148.938 
149.112 
149.287 
149.488 
149.666 
149.84 
150.002 
150.138 
150.276 
150.447 
150.616 
150.78 
150.941 
151.105 
151.236 
151.385 
151.54 
151.706 
151.835 
151.956 
152.109 
152.255 
152.406 
152.498 
152.634 
152.769 
152.893 
153.03 
153.132 
153.25 
153.387 
153.544 
153.72 
153.923 
154.104 
154.228 
154.362 
154.528 
154.709 
154.844 
155.013 
155.179 
155.354 
155.48 
155.62 
155.772 
155.913 
156.077 
156.208 
156.347 
156.494 
156.665 
156.8 
156.919 
157.041 
157.156 
157.315 
157.426 
157.565 
157.686 
157.837 
157.947 
158.09 
158.232 
158.386 
158.537 
158.709 
158.827 
158.97 
159.128 
159.293 
159.449 
159.576 
159.731 
159.82 
159.921 
160.069 
160.201 
160.322 
160.463 
160.628 
160.768 
160.912 
161.057 
161.215 
161.37 
161.523 
161.633 
161.775 
161.898 
161.978 
162.062 
162.154 
162.291 
162.429 
162.567 
162.723 
162.929 
163.101 
163.242 
163.399 
163.553 
163.691 
163.839 
164.034 
164.173 
164.31 
164.426 
164.558 
164.713 
164.902 
165.073 
165.227 
165.389 
165.502 
165.654 
165.755 
165.88 
166.033 
166.163 
166.295 
166.424 
166.562 
166.733 
166.881 
167.029 
167.173 
167.323 
167.461 
167.619 
167.76 
167.93 
168.12 
168.312 
168.481 
168.613 
168.763 
168.896 
169.042 
169.189 
169.324 
169.457 
169.602 
169.745 
169.915 
170.072 
170.255 
170.427 
170.581 
170.725 
170.874 
171.019 
171.171 
171.291 
171.461 
171.588 
171.749 
171.863 
172.031 
172.209 
172.358 
172.507 
172.658 
172.805 
172.982 
173.15 
173.279 
173.411 
173.524 
173.658 
173.771 
173.88 
173.997 
174.12 
174.253 
174.371 
174.481 
174.609 
174.76 
174.894 
175.027 
175.183 
175.329 
175.468 
175.612 
175.76 
175.898 
176.05 
176.247 
176.395 
176.532 
176.667 
176.841 
176.978 
177.123 
177.278 
177.409 
177.509 
177.622 
177.746 
177.877 
178.003 
178.144 
178.298 
178.449 
178.57 
178.731 
178.899 
179.066 
179.235 
179.408 
179.566 
179.727 
179.856 
179.956 
180.091 
180.2 
180.336 
180.482 
180.662 
180.843 
180.974 
181.112 
181.293 
181.444 
181.559 
181.728 
181.874 
182.048 
182.218 
182.373 
182.496 
182.644 
182.778 
182.905 
183.065 
183.21 
183.373 
183.549 
183.741 
183.912 
184.102 
184.26 
184.408 
184.554 
184.686 
184.826 
184.955 
185.106 
185.304 
185.483 
185.624 
185.756 
185.914 
186.052 
186.194 
186.325 
186.488 
186.642 
186.798 
186.969 
187.128 
187.252 
187.381 
187.529 
187.657 
187.784 
187.939 
188.087 
188.244 
188.404 
188.544 
188.695 
188.823 
188.961 
189.096 
189.223 
189.366 
189.513 
189.663 
189.853 
190.007 
190.171 
190.308 
190.473 
190.575 
190.701 
190.854 
190.99 
191.133 
191.304 
191.494 
191.675 
191.832 
191.962 
192.121 
192.263 
192.391 
192.511 
192.649 
192.806 
192.925 
193.042 
193.146 
193.276 
193.405 
193.525 
193.658 
193.783 
193.938 
194.045 
194.162 
194.302 
194.48 
194.593 
194.716 
194.85 
195.017 
195.168 
195.305 
195.414 
195.531 
195.633 
195.753 
195.855 
195.945 
196.061 
196.162 
196.265 
196.324 
196.399 
196.462 
196.572 
196.696 
196.806 
196.926 
197.004 
197.131 
197.217 
197.353 
197.466 
197.571 
197.704 
197.825 
197.947 
198.082 
198.18 
198.301 
198.417 
198.568 
198.664 
198.81 
198.949 
199.104 
199.249 
199.337 
199.431 
199.525 
199.636 
199.742 
199.855 
199.937 
200.031 
200.156 
200.244 
200.35 
200.488 
200.58 
200.673 
200.757 
200.88 
200.995 
201.091 
201.225 
201.402 
201.541 
201.695 
201.845 
201.993 
202.104 
202.253 
202.365 
202.506 
202.583 
202.717 
202.816 
202.966 
203.071 
203.186 
203.355 
203.484 
203.615 
203.739 
203.829 
203.93 
204.066 
204.171 
204.307 
204.422 
204.526 
204.635 
204.752 
204.855 
204.961 
205.041 
205.142 
205.253 
205.363 
205.472 
205.577 
205.691 
205.781 
205.883 
206.017 
206.174 
206.296 
206.461 
206.606 
206.72 
206.82 
206.922 
207.065 
207.201 
207.376 
207.509 
207.651 
207.796 
207.923 
208.042 
208.148 
208.286 
208.411 
208.564 
208.676 
208.84 
208.969 
209.127 
209.291 
209.43 
209.562 
209.703 
209.815 
209.913 
210.026 
210.13 
210.238 
210.359 
210.457 
210.56 
210.676 
210.806 
210.904 
211.02 
211.081 
211.184 
211.285 
211.398 
211.521 
211.61 
211.693 
